873 2519
29 486
710 132
399 217
62 374
106 795
509 548
476 185
96 322
704 92
433 123
247 400
428 718
394 49
15 675
592 444
539 199
191 377
730 237
343 696
695 370
867 851
848 741
668 171
16 407
396 696
367 850
704 489
121 521
145 383
626 163
221 648
735 745
648 22
498 357
668 412
170 787
545 79
585 240
567 800
697 116
199 849
511 67
573 826
356 295
512 506
786 271
166 255
737 142
601 528
422 190
173 830
483 423
142 9
658 826
791 757
658 27
91 422
719 239
188 462
777 164
707 423
824 137
163 431
571 314
348 516
796 375
615 13
194 385
184 826
757 678
149 227
219 654
291 781
56 337
348 810
187 364
758 686
836 535
138 782
469 678
40 837
771 603
793 183
795 608
780 78
548 399
806 671
224 70
262 466
867 700
407 495
693 844
472 693
577 320
97 707
847 215
577 396
558 414
687 848
563 410
624 732
715 247
698 805
553 171
455 130
406 193
119 280
659 361
53 186
772 5
277 673
249 781
255 404
221 260
410 430
634 673
803 704
163 609
847 678
757 227
375 687
31 483
63 385
146 724
282 561
106 307
126 680
492 286
339 576
777 516
499 301
725 753
84 164
657 196
327 622
455 128
828 336
42 39
119 456
389 749
678 301
330 183
752 108
559 26
544 412
619 330
200 44
606 345
738 378
64 160
687 311
191 713
503 252
40 628
228 309
47 851
124 524
551 852
326 516
662 697
20 218
496 197
871 679
509 610
131 381
545 421
424 268
225 174
722 548
236 413
776 665
544 315
13 35
662 688
522 750
462 512
673 199
433 176
363 793
235 236
734 653
577 281
524 768
302 505
682 426
158 424
162 577
786 70
85 792
804 103
419 534
573 873
317 394
756 791
210 401
728 697
584 595
145 364
473 623
330 646
847 325
296 549
478 504
760 703
355 184
601 176
91 658
257 398
684 351
385 676
354 567
238 179
372 103
515 753
703 343
668 799
101 581
505 664
676 81
614 416
627 120
810 795
211 362
623 411
183 144
646 422
265 860
52 266
624 187
79 464
500 699
273 7
735 388
59 217
547 380
602 644
434 18
381 676
633 135
419 332
665 348
495 497
478 347
298 168
579 482
138 228
247 522
731 47
415 133
587 232
377 354
582 433
803 485
840 658
95 733
565 610
721 513
508 149
204 528
336 270
579 346
122 500
342 83
575 624
512 368
543 241
270 416
74 119
347 319
844 599
349 666
647 290
816 870
139 433
503 511
33 12
346 384
453 765
458 610
277 729
748 3
784 72
329 298
864 486
204 209
871 34
685 136
408 332
50 116
788 759
37 330
519 257
684 141
11 53
448 716
458 119
18 617
813 677
39 43
830 664
743 169
305 19
656 773
260 235
236 96
329 322
771 202
538 195
519 39
483 50
559 109
712 801
234 173
74 684
241 767
2 823
829 332
442 62
543 707
376 747
857 3
454 718
388 307
298 529
595 861
614 11
335 227
195 171
31 250
430 710
677 249
729 234
750 682
329 641
149 445
414 869
291 784
165 823
612 286
42 137
469 641
474 131
695 60
563 89
211 54
216 43
271 719
53 696
432 58
828 447
738 870
689 732
873 616
303 277
180 862
315 767
289 495
226 335
835 81
410 499
38 125
422 331
558 825
814 167
174 264
126 650
845 393
170 732
401 778
187 38
758 462
262 436
797 364
291 44
589 202
600 444
708 677
54 624
555 640
24 166
860 219
307 117
418 647
718 522
626 614
810 503
594 456
794 454
182 246
532 697
726 374
297 361
407 329
374 132
244 733
738 228
259 366
225 450
352 152
122 212
493 609
396 506
11 336
147 46
542 485
710 460
710 602
345 566
599 532
475 634
773 650
387 534
337 487
447 622
547 308
783 106
17 383
239 861
510 671
4 566
629 144
813 606
207 243
687 654
780 361
748 524
772 778
632 27
833 571
795 364
620 49
692 167
824 290
790 636
371 363
775 457
665 364
386 298
722 720
397 276
521 32
405 111
578 51
64 559
448 654
555 759
666 393
26 625
126 678
185 497
812 775
142 276
330 58
38 379
370 520
612 384
6 79
796 326
701 530
684 198
334 6
734 730
711 671
803 29
370 801
579 93
604 87
753 382
768 11
475 109
497 56
443 657
405 842
445 653
661 121
771 770
220 772
717 434
590 128
522 160
81 69
266 242
601 860
30 475
518 372
756 735
315 185
558 280
579 62
796 552
867 233
825 687
249 343
392 622
840 108
18 165
371 239
448 191
433 666
69 321
569 872
52 561
454 816
151 95
814 357
318 462
199 4
165 180
183 309
480 292
371 576
531 255
709 600
334 856
840 478
755 749
94 4
739 497
304 582
182 164
661 695
479 817
334 27
706 525
428 36
716 681
160 420
842 31
761 107
122 577
614 598
735 108
367 70
675 563
817 301
252 72
624 364
456 462
511 424
635 591
634 701
791 44
60 248
778 461
543 170
85 467
175 315
587 452
770 233
642 722
113 810
2 712
459 258
7 89
390 99
357 601
300 321
336 493
619 478
305 700
783 483
195 45
149 361
426 302
390 312
317 760
672 292
468 786
510 684
204 367
122 157
381 22
623 523
383 429
693 14
56 189
440 220
441 645
333 100
467 312
588 332
552 540
717 777
429 587
576 477
48 625
432 69
492 538
147 836
701 501
848 668
687 838
662 476
371 604
355 867
798 803
81 526
106 262
363 668
842 658
609 178
458 632
443 715
615 561
413 602
286 472
549 584
76 820
689 512
100 772
284 809
845 19
206 2
383 766
544 439
266 264
289 694
823 636
818 829
816 161
568 708
124 833
340 73
85 661
693 795
422 799
771 414
813 158
673 835
228 630
798 708
451 730
824 853
328 761
37 644
336 36
806 66
771 188
791 49
800 362
802 304
348 555
517 843
130 223
98 30
854 4
13 231
643 765
39 855
249 17
300 162
285 93
142 51
12 352
112 706
539 16
565 214
813 92
339 254
357 725
648 558
776 589
355 301
398 390
475 487
717 743
729 821
869 828
781 767
802 580
196 331
696 628
161 853
496 324
172 460
107 90
148 744
868 596
354 635
704 834
265 26
122 184
228 3
825 485
535 93
791 776
802 153
789 625
839 587
401 784
257 276
95 284
288 504
364 307
629 767
152 493
182 148
192 782
731 432
672 119
33 152
845 643
757 471
868 689
725 254
820 572
426 255
616 249
144 521
567 203
650 282
735 858
45 786
300 30
528 372
31 414
327 322
736 60
476 581
699 599
258 509
459 785
647 655
406 173
561 135
45 366
626 615
521 164
225 231
797 825
857 823
520 548
685 737
42 647
149 299
856 847
697 161
473 244
280 565
515 119
256 472
242 209
618 476
81 130
653 786
216 460
532 753
192 629
229 107
252 649
36 304
256 177
505 406
624 108
455 437
848 458
369 828
654 795
570 779
312 119
38 502
594 40
465 657
158 1
605 562
735 622
277 535
47 509
140 305
821 811
418 293
743 846
355 728
253 521
734 481
164 14
133 442
744 839
11 693
138 823
142 136
577 121
558 197
133 459
483 228
158 477
8 714
236 434
164 343
295 145
775 139
437 256
303 305
134 707
661 667
224 627
135 641
763 618
617 252
48 156
488 424
14 608
146 777
679 267
662 321
460 54
708 391
674 220
53 761
294 124
47 50
132 272
388 621
319 183
801 522
517 712
57 746
279 554
287 570
254 150
343 400
486 197
118 300
688 718
151 466
731 125
788 236
519 321
81 861
678 873
638 540
135 405
805 821
644 629
562 737
429 97
57 815
590 676
20 127
573 426
703 209
729 289
794 448
677 1
589 596
476 793
814 362
9 782
249 639
103 364
285 585
785 747
808 95
849 410
465 819
562 652
415 394
439 503
609 428
100 146
327 606
283 182
191 394
599 281
97 144
424 160
832 658
47 668
303 189
196 25
185 519
331 140
685 384
618 126
656 138
213 160
861 532
408 782
155 235
305 698
452 321
609 31
422 681
96 800
473 340
283 335
234 76
822 142
471 812
21 677
478 510
158 845
714 639
70 311
552 50
351 695
152 21
468 684
359 320
56 38
168 117
666 668
80 348
443 208
778 88
779 346
581 661
53 593
169 750
109 223
194 713
126 311
114 125
3 681
393 709
157 356
488 837
770 551
41 564
758 406
577 666
766 254
673 49
694 36
573 633
53 714
2 332
314 586
71 374
467 629
379 727
220 554
721 576
685 37
353 708
762 191
194 141
250 395
585 401
509 430
312 64
664 405
831 43
134 265
814 682
88 551
840 33
289 813
199 301
841 864
171 321
788 432
38 196
520 152
811 452
777 116
213 98
35 405
330 782
648 316
560 398
797 612
690 769
54 40
196 125
217 144
308 822
633 536
62 296
46 539
44 692
808 380
223 160
387 123
744 388
615 387
108 795
363 549
89 818
571 719
516 196
319 121
703 812
445 784
247 747
268 445
472 171
860 108
143 272
806 240
224 321
760 40
27 251
637 169
583 301
253 117
109 272
404 572
350 95
244 179
373 337
235 336
695 243
92 511
115 509
461 217
337 384
221 679
417 83
293 315
591 68
207 272
88 851
126 783
455 550
386 404
150 814
501 766
552 465
303 103
472 33
112 397
809 377
617 334
429 24
198 705
17 679
678 767
751 799
292 347
152 120
499 492
303 206
709 97
361 499
605 581
678 275
560 17
349 135
540 208
444 554
321 59
291 425
210 862
192 253
11 38
108 559
571 443
256 461
775 24
602 766
218 138
681 696
519 584
171 429
241 54
862 8
119 853
690 850
642 787
345 776
275 565
371 659
854 332
637 211
418 480
664 771
275 89
9 5
234 141
712 452
331 208
589 375
809 500
336 483
193 847
161 355
792 22
79 816
213 620
120 116
11 560
555 320
781 12
632 661
383 549
351 588
559 491
836 249
280 418
336 331
230 605
105 597
238 652
866 77
134 45
815 457
376 118
622 630
844 79
430 194
848 735
831 713
484 590
589 519
98 216
316 332
504 543
675 856
32 182
490 491
626 354
557 186
191 283
485 111
325 864
399 676
535 301
220 825
724 346
743 85
563 220
789 349
276 189
223 27
210 691
842 432
103 790
696 640
861 645
415 92
593 8
167 53
71 750
41 329
327 307
862 241
422 461
843 591
558 372
774 30
213 312
2 562
169 802
777 616
64 205
122 447
233 285
452 620
200 359
366 547
739 292
557 341
481 20
617 250
865 142
426 120
374 25
197 65
92 313
135 474
378 630
89 827
816 526
507 639
243 272
7 486
708 206
638 246
338 17
755 822
792 598
575 190
742 16
475 440
117 402
479 250
172 197
15 649
737 651
55 664
22 817
169 812
223 225
61 774
535 708
299 868
809 732
523 437
297 798
211 704
640 610
111 859
277 423
423 186
421 770
157 615
579 377
237 593
308 647
149 816
811 85
119 557
635 444
516 687
619 38
858 431
432 678
733 50
55 657
594 421
205 165
234 91
713 625
198 109
643 240
4 532
117 83
838 584
790 687
863 47
39 601
775 516
423 179
170 853
669 738
138 801
160 286
217 291
536 244
386 848
27 661
751 161
864 454
440 259
373 742
245 721
762 493
33 500
127 669
862 576
121 25
642 729
337 687
195 194
565 442
71 193
330 390
131 244
197 379
137 46
14 684
840 827
62 146
47 409
838 555
396 167
162 235
842 857
846 769
43 763
301 809
93 571
643 15
650 785
285 128
341 355
568 409
273 696
399 477
700 686
670 269
329 513
586 261
82 413
24 667
355 488
764 495
503 373
88 173
108 538
690 707
640 25
746 193
500 646
527 211
436 686
164 491
113 453
711 845
416 98
736 753
863 365
334 526
427 687
428 124
466 532
660 108
827 78
630 411
151 477
507 275
180 363
700 122
298 547
64 476
602 283
116 861
382 547
724 668
66 99
730 10
223 721
575 637
288 152
390 41
362 301
352 165
557 413
670 68
39 829
102 570
527 623
415 449
37 479
701 381
4 211
150 22
99 256
617 323
319 368
512 364
567 398
411 829
626 98
653 359
766 496
754 318
713 130
776 505
188 530
483 345
485 395
452 143
308 148
770 308
497 546
212 315
671 212
140 394
838 250
126 743
744 396
671 814
609 51
443 840
635 610
501 391
601 476
584 633
164 553
535 554
294 267
425 726
62 328
871 804
309 848
273 410
666 550
494 759
248 521
263 661
412 241
342 118
550 513
14 824
278 275
851 2
84 230
142 596
421 302
457 492
296 46
371 169
599 459
195 513
549 754
398 166
185 690
131 297
426 577
759 1
10 610
638 717
777 785
676 861
114 409
598 276
297 533
814 18
579 564
200 690
212 652
206 823
210 458
126 608
624 447
53 822
296 448
258 267
406 78
262 323
484 503
691 761
512 415
343 300
697 149
333 214
410 609
819 272
551 306
575 696
335 553
802 174
824 586
864 640
539 219
5 555
407 566
216 826
532 860
736 428
95 321
48 844
537 38
175 178
830 250
206 103
36 482
22 814
61 624
310 216
540 453
27 698
836 9
730 65
165 434
438 240
77 91
829 54
6 532
633 224
562 339
176 815
50 447
17 816
289 510
552 410
2 871
81 331
188 606
230 700
322 382
90 604
272 28
244 293
293 741
668 407
844 352
501 189
331 549
655 326
414 170
542 461
199 842
511 116
6 527
843 859
249 752
90 692
271 65
118 809
854 743
377 225
471 230
97 226
278 25
872 525
526 190
303 3
537 730
420 506
477 780
262 86
488 346
501 807
538 737
423 417
682 532
203 78
710 228
31 486
805 697
348 829
555 191
403 753
413 759
491 815
184 384
265 398
388 404
326 868
472 443
438 270
96 465
757 425
8 595
490 854
468 822
537 509
424 205
542 622
449 219
390 505
343 457
386 684
193 222
305 516
767 107
236 20
521 373
404 456
778 211
118 709
502 782
84 861
378 638
808 743
435 749
148 837
223 533
640 143
470 150
702 22
248 280
599 79
484 611
654 835
325 545
74 739
440 543
701 326
205 289
98 294
671 4
140 588
396 409
290 33
290 746
60 756
256 844
412 57
602 684
858 25
35 613
179 584
201 128
330 484
63 750
763 533
394 338
744 623
148 819
264 207
428 40
191 540
525 801
394 293
833 657
184 294
28 596
450 569
720 557
771 699
795 576
852 663
370 387
600 338
222 81
576 774
370 253
445 184
762 490
429 489
433 656
559 689
321 450
494 607
758 534
872 668
502 495
543 870
188 54
364 388
317 538
301 501
530 599
380 863
203 773
404 241
600 611
192 428
285 460
855 789
179 227
93 313
261 680
335 492
91 178
626 462
718 679
761 128
27 273
104 594
29 419
51 151
624 184
511 801
827 416
647 245
43 68
397 581
845 753
559 228
501 108
734 577
455 96
679 527
556 653
320 824
467 622
765 470
72 168
511 857
323 771
741 642
723 395
138 319
418 594
524 56
576 589
269 254
516 65
458 636
331 848
796 260
285 478
216 390
680 842
736 295
313 448
27 382
728 481
363 13
242 505
867 178
655 810
859 135
787 10
667 319
833 43
634 499
444 870
375 562
819 786
210 265
517 838
163 224
360 547
134 414
389 686
229 532
306 124
753 813
168 783
338 429
467 179
819 390
713 194
44 585
828 72
220 445
616 754
57 517
546 111
748 503
198 698
293 734
49 553
155 830
446 859
576 607
842 350
698 59
257 537
738 415
773 561
443 818
283 301
110 629
55 396
520 784
61 336
851 648
748 494
382 739
825 472
771 628
738 737
620 363
233 562
698 83
135 338
59 224
499 489
337 390
415 239
75 480
224 491
62 563
836 674
503 647
697 138
365 343
836 602
276 696
652 711
764 521
681 292
822 92
774 332
316 679
226 110
10 233
446 38
817 690
713 302
457 853
496 676
353 337
461 208
447 630
291 777
30 127
380 429
863 320
538 671
574 454
776 281
685 833
686 177
851 553
265 321
583 833
486 171
436 628
115 632
155 446
443 543
84 608
677 706
74 290
166 679
668 395
63 772
710 629
695 654
539 197
153 117
466 20
286 315
71 288
735 370
792 454
442 93
281 524
48 252
156 117
157 97
565 868
345 782
219 702
534 508
115 577
806 106
790 623
384 690
333 166
523 385
391 191
718 107
521 749
300 686
137 276
320 20
78 373
731 475
469 558
627 476
595 570
407 337
395 669
143 743
58 746
114 392
389 168
446 475
748 148
749 360
783 866
20 546
115 868
615 580
228 279
46 506
434 402
91 66
666 722
95 412
447 807
29 499
345 792
366 59
497 629
361 76
466 808
710 122
789 279
739 67
372 122
838 277
530 90
270 172
54 873
723 106
45 501
18 204
861 392
630 593
115 337
139 631
91 261
473 693
554 61
5 355
585 788
217 797
531 816
417 301
369 127
280 99
853 523
233 370
505 757
734 632
330 456
23 496
669 574
102 92
546 181
732 694
489 764
586 722
680 350
420 631
780 284
856 671
411 451
639 650
251 349
537 100
117 247
796 105
674 279
384 41
573 751
170 99
797 731
502 243
231 277
17 39
166 853
128 706
300 223
521 105
470 321
834 442
226 358
376 252
677 338
326 670
855 365
453 222
236 738
437 367
477 797
101 231
554 265
303 285
365 253
847 51
388 52
330 77
190 525
581 99
191 860
639 811
290 265
311 267
43 195
685 656
687 220
265 656
334 525
417 796
825 578
782 263
751 558
289 175
222 781
261 41
63 413
386 77
268 205
749 441
461 171
572 584
206 257
137 100
713 486
162 100
720 454
223 354
742 700
621 453
676 507
508 85
181 740
419 169
665 129
497 279
35 322
787 252
772 104
722 69
469 246
858 126
566 295
197 629
145 76
435 589
40 379
370 734
689 850
28 287
156 836
584 706
142 613
238 466
334 571
229 181
856 55
105 690
83 508
200 858
476 787
711 194
283 181
457 655
343 654
515 638
385 442
684 497
632 66
231 119
512 247
128 598
535 159
208 329
356 699
840 457
215 14
289 307
715 790
827 542
559 79
727 612
254 142
627 602
576 728
449 776
859 625
584 274
698 205
864 61
169 39
116 663
245 399
263 239
377 452
413 866
256 71
365 411
765 100
603 329
252 153
343 50
460 558
792 40
64 750
268 582
98 420
805 527
476 737
737 201
739 742
259 285
539 8
778 611
249 425
708 736
445 6
3 682
407 681
448 497
255 660
808 828
735 533
62 396
265 475
412 30
431 290
548 8
417 77
273 832
848 375
791 372
522 248
244 71
604 665
327 34
111 204
647 122
562 601
393 53
761 815
625 63
493 174
408 428
484 308
729 105
736 320
578 160
44 391
523 41
90 830
861 88
203 184
237 192
354 763
376 265
670 396
343 266
787 176
771 42
244 509
749 510
641 413
493 117
543 39
482 51
139 286
358 139
50 856
124 183
494 126
215 744
54 688
167 325
61 141
318 243
285 794
533 453
334 467
783 619
532 508
347 766
386 47
646 396
152 267
316 428
869 386
707 59
608 570
276 447
738 766
26 444
249 301
33 787
489 388
844 668
131 219
642 332
868 221
320 603
636 542
304 102
342 657
826 252
576 294
671 500
804 321
842 28
351 288
384 112
348 289
352 511
703 633
333 766
584 207
361 359
307 402
140 268
238 766
331 296
370 869
834 619
190 40
210 465
695 378
689 333
539 124
372 144
281 522
377 203
400 425
607 261
649 637
191 621
801 810
342 28
300 375
143 656
94 166
317 584
835 141
453 152
574 383
447 53
344 148
659 40
661 634
187 827
646 486
80 297
373 732
13 102
832 217
179 834
833 41
143 807
7 23
393 647
691 360
69 580
529 531
181 288
695 529
257 496
565 11
666 483
724 279
450 451
434 671
139 190
222 22
212 566
777 634
464 171
390 199
321 716
638 334
833 464
423 592
66 696
734 678
679 686
701 295
313 606
25 164
598 145
491 641
590 320
349 440
222 772
79 740
741 289
139 294
583 521
804 647
821 623
769 86
682 295
519 6
722 731
320 738
198 674
125 258
222 135
538 524
225 340
264 665
357 266
566 623
308 319
843 457
24 324
148 661
781 829
219 572
505 456
203 512
208 368
160 184
525 142
628 252
812 11
373 428
690 350
160 610
433 260
400 618
311 319
86 239
247 130
384 745
849 781
170 291
550 291
750 421
36 648
532 533
729 374
44 5
264 307
68 600
471 454
55 647
739 472
392 526
349 583
803 705
289 398
660 190
734 93
436 204
95 397
134 173
125 816
93 252
23 209
133 422
340 158
214 161
531 239
769 755
347 491
35 633
828 343
646 298
775 824
499 475
455 22
63 13
828 153
774 496
156 542
233 751
676 325
343 459
208 608
688 858
158 531
729 501
753 369
38 654
681 378
378 464
332 116
244 246
212 546
193 688
215 98
75 865
536 717
444 58
546 196
820 80
108 853
492 129
732 281
122 279
158 273
127 633
150 416
65 482
193 213
528 331
360 280
770 607
106 250
14 227
218 691
277 558
870 317
233 245
693 284
857 256
362 828
314 549
760 2
616 236
482 277
755 777
754 771
262 746
362 693
572 494
493 40
26 781
597 696
433 773
343 837
590 691
96 504
187 108
294 185
502 370
267 20
401 621
328 731
572 204
442 473
149 467
393 590
85 469
470 620
588 460
183 834
516 848
493 87
668 1
779 635
193 746
43 253
733 859
699 215
545 112
435 271
369 345
850 808
526 840
157 176
584 388
721 29
258 821
393 477
802 438
36 469
129 512
116 219
261 3
834 304
229 452
766 815
361 641
452 872
219 476
274 804
684 563
871 95
265 612
830 199
252 327
52 612
571 700
862 678
517 569
407 287
580 72
138 560
788 29
628 487
60 250
651 152
214 181
822 451
515 34
861 359
476 222
792 199
831 46
526 568
122 9
451 520
286 28
425 574
585 392
100 704
393 858
855 510
69 415
845 132
794 393
777 119
344 296
149 632
594 202
338 323
799 466
144 8
550 853
97 613
370 317
478 42
761 1
320 132
272 236
678 147
590 540
558 581
433 500
658 231
771 412
38 248
356 162
684 253
808 578
646 394
208 674
634 578
853 190
212 298
447 246
69 623
434 220
73 191
492 413
294 816
443 598
741 259
397 57
848 28
371 866
389 218
745 81
68 373
234 29
200 346
554 450
148 429
386 486
481 566
406 440
600 113
657 30
255 748
491 535
630 807
544 542
213 531
822 611
218 590
419 308
575 837
201 864
391 338
250 95
789 561
866 165
668 294
368 330
66 112
286 153
342 237
290 479
149 392
833 687
295 172
283 292
584 423
582 726
678 529
532 817
112 306
591 241
576 342
711 166
109 261
552 735
6 663
222 849
651 228
828 446
773 656
729 679
593 151
870 623
13 292
