122 271
378 885
604 817
327 698
455 460
130 392
336 893
666 858
82 474
11 101
138 472
211 642
28 910
416 159
129 234
309 204
790 159
994 580
426 40
378 473
766 270
31 292
327 909
990 438
684 82
425 336
644 786
803 145
453 867
763 32
612 871
314 475
81 481
741 16
112 518
119 412
853 225
798 105
874 38
378 195
802 116
713 252
632 366
128 806
422 333
427 786
707 17
946 843
174 72
619 262
106 770
327 420
453 586
54 408
916 920
39 460
573 285
869 203
316 297
374 745
575 191
468 39
530 102
72 847
787 502
990 849
165 438
700 346
990 441
828 332
795 515
541 59
320 417
742 740
304 683
653 311
879 239
492 730
764 575
39 889
133 878
158 308
687 61
774 981
803 103
108 343
626 276
755 862
644 768
520 505
44 69
226 307
192 794
339 276
142 862
966 415
713 649
680 288
729 297
701 174
78 254
814 35
245 945
564 292
675 804
730 76
175 922
895 833
589 801
143 534
369 172
3 438
993 567
560 553
504 837
762 250
83 337
248 69
266 940
356 891
379 813
96 359
555 878
477 388
120 714
707 142
211 296
946 64
162 947
914 25
531 79
701 790
26 370
281 346
33 154
393 688
393 396
413 408
208 383
56 598
53 620
112 24
790 639
477 816
95 225
759 996
260 842
43 586
237 527
318 15
504 71
529 263
602 768
269 126
322 162
672 11
700 360
572 533
539 615
773 756
788 876
355 477
780 618
782 834
325 253
607 235
916 599
21 207
95 968
811 267
964 794
688 734
633 834
102 806
643 621
123 403
675 94
470 590
659 504
326 276
163 178
292 540
495 978
865 137
866 250
829 361
26 903
473 410
353 512
8 843
880 301
163 186
806 43
221 808
81 555
150 527
224 667
154 137
559 929
781 337
638 273
316 101
965 410
791 731
609 253
37 636
855 478
41 166
810 765
904 303
578 410
688 741
396 954
60 962
557 458
956 167
959 713
639 534
331 22
520 745
189 737
958 497
748 452
545 265
139 53
602 391
782 756
73 230
140 295
453 1000
644 765
683 842
117 847
632 477
962 338
637 297
486 906
894 57
543 902
54 718
1 498
238 332
221 87
793 129
150 221
958 158
355 528
10 608
248 235
597 67
672 605
784 690
892 563
565 467
736 241
678 777
660 780
938 679
632 262
834 606
746 410
439 871
84 517
925 939
584 105
427 72
89 878
144 135
314 75
521 408
619 44
266 781
389 488
946 308
564 941
853 313
58 147
429 303
361 110
344 434
70 189
330 845
628 52
184 339
171 733
633 474
281 301
541 876
29 167
800 101
469 689
330 567
509 943
936 186
847 593
166 755
80 230
23 862
923 97
651 36
173 205
764 939
333 868
657 618
603 367
251 434
894 290
660 222
219 102
536 420
959 377
612 759
189 642
82 137
778 762
211 343
430 951
198 110
73 346
271 283
771 921
411 743
938 929
719 546
725 889
975 980
792 976
211 145
1000 693
157 85
529 20
356 910
523 673
971 922
201 939
474 203
590 832
13 942
538 362
963 673
268 24
407 647
835 517
657 722
988 350
678 125
482 457
370 677
719 789
78 135
577 689
816 471
755 43
695 110
815 477
424 580
622 117
333 914
753 250
389 690
584 292
239 112
793 969
187 86
613 862
591 780
27 513
841 649
875 254
170 905
624 62
269 580
678 351
672 576
754 689
811 375
150 457
670 574
380 748
643 590
146 112
369 979
795 724
364 551
358 730
10 199
1 734
216 976
489 444
144 444
625 226
453 537
555 922
794 606
826 971
510 205
591 658
266 761
597 12
746 771
619 19
397 673
752 235
138 243
493 952
630 596
430 816
208 227
704 760
961 93
65 209
304 129
251 839
160 75
513 467
840 12
414 727
789 131
741 669
764 722
120 135
494 44
271 628
515 55
331 131
84 117
559 422
707 846
730 593
628 130
984 833
914 254
218 450
990 600
27 776
738 263
260 455
235 2
117 391
230 614
317 878
160 211
932 607
604 790
699 400
58 264
811 468
928 67
476 506
687 4
393 952
578 960
656 626
658 778
52 525
372 957
18 749
311 272
520 290
60 16
23 156
692 593
427 706
82 590
928 71
382 714
329 478
612 450
886 737
445 400
650 884
368 165
485 484
909 695
70 296
596 470
477 895
411 794
461 48
100 368
940 727
427 439
670 714
387 755
416 135
179 310
125 131
824 65
18 136
552 539
26 354
459 102
23 36
61 209
304 440
707 268
375 863
603 565
363 450
397 239
463 17
314 104
846 705
480 336
461 274
427 827
635 126
855 525
824 821
952 287
532 592
94 652
76 175
646 231
354 457
559 436
997 305
122 605
193 763
892 502
323 478
119 8
204 817
937 606
366 352
792 375
224 708
61 718
526 863
31 337
767 25
89 189
363 554
951 528
148 408
792 49
23 61
995 884
374 17
377 762
768 761
285 76
750 782
714 212
507 702
550 310
1 202
807 203
310 929
663 13
701 954
791 487
99 69
956 389
579 433
675 22
821 89
658 762
589 452
898 491
312 762
630 837
206 507
4 273
691 963
122 17
730 554
299 548
839 605
56 533
325 156
827 694
898 410
57 682
242 832
617 577
617 916
257 272
66 127
176 350
875 351
894 183
397 709
344 751
399 737
553 458
311 771
792 56
663 320
426 705
499 397
257 95
193 798
547 251
286 365
414 422
841 922
125 689
80 744
610 28
646 765
60 402
985 94
315 978
686 274
692 554
197 116
676 812
532 41
329 497
73 772
829 665
665 21
956 231
995 497
243 939
959 106
263 212
937 170
657 680
95 7
33 246
217 849
622 741
144 338
917 923
541 86
924 834
686 929
502 295
929 265
859 968
434 51
881 528
497 708
132 125
384 97
758 985
227 57
279 592
629 144
963 54
448 534
323 832
632 78
324 740
364 339
611 415
739 210
974 346
206 824
329 535
496 974
313 40
218 591
820 164
648 816
222 960
705 524
797 745
426 520
172 452
413 299
676 237
897 712
901 22
879 38
301 96
198 824
322 126
824 93
423 806
56 455
377 861
259 308
114 782
723 900
11 983
853 836
230 210
783 626
971 175
310 65
518 111
42 316
993 756
975 337
405 576
9 832
653 493
503 458
344 113
930 712
805 871
219 332
496 412
260 282
975 710
6 612
651 20
445 461
687 899
250 103
676 20
125 634
115 825
625 708
628 880
498 908
463 674
299 325
814 563
672 915
503 247
914 359
366 513
466 278
757 773
32 934
542 217
138 732
603 534
411 443
640 694
219 468
931 471
919 785
481 688
729 799
525 16
800 497
966 418
643 819
388 82
610 408
6 105
804 605
208 978
977 740
852 461
564 794
900 806
603 308
582 1000
750 126
643 279
520 639
618 460
480 593
10 110
301 594
610 481
547 262
640 510
140 606
786 277
291 945
378 3
23 966
184 575
792 958
523 70
65 598
170 184
196 626
875 485
382 278
917 574
989 705
6 273
742 760
852 999
318 435
928 798
741 72
838 655
427 99
473 720
610 870
202 971
574 832
286 242
888 892
599 247
503 585
315 673
493 1000
609 839
666 16
120 597
669 592
247 25
358 4
638 769
498 855
83 6
953 159
185 594
538 413
995 203
575 922
814 326
579 776
726 420
928 16
32 69
887 884
539 11
582 166
260 352
831 235
579 66
412 892
545 470
355 934
580 374
252 265
659 346
799 857
329 406
473 729
274 273
491 37
496 385
245 944
671 889
728 801
685 4
531 331
362 352
356 13
875 953
496 933
327 858
706 242
407 587
193 272
673 507
986 297
753 760
330 718
55 544
666 868
520 167
890 845
337 175
817 46
47 346
929 159
584 921
345 797
823 389
80 792
936 908
259 896
938 912
585 190
79 949
27 211
645 936
454 762
893 908
602 926
969 433
327 203
789 390
766 655
204 969
150 584
481 37
201 874
157 764
945 699
152 423
386 756
751 131
990 514
365 602
645 883
560 545
597 991
775 514
729 207
52 434
342 668
532 305
718 893
538 495
441 125
26 187
941 109
427 190
853 251
393 994
31 942
494 518
861 640
805 179
238 12
519 901
150 104
79 489
120 833
119 283
472 644
675 46
313 49
548 765
499 376
898 110
916 377
188 642
614 843
5 844
399 814
615 926
360 777
272 768
184 55
901 673
5 439
958 103
615 631
779 262
979 533
72 571
425 314
802 38
731 244
87 906
99 303
553 2
437 572
938 422
811 188
831 102
632 367
945 566
982 925
414 68
456 806
778 871
992 450
953 441
793 154
961 35
319 850
709 272
643 307
324 580
509 362
199 935
916 203
37 29
901 537
576 75
227 294
846 708
289 579
323 49
162 345
1000 712
475 471
865 440
96 794
190 46
829 17
194 35
446 322
196 817
144 732
197 878
342 708
950 978
266 697
204 784
500 952
559 37
355 132
841 472
176 492
330 820
364 513
698 353
570 737
160 774
827 408
331 159
684 263
509 165
903 39
64 487
712 295
946 871
177 184
431 669
748 305
962 954
404 514
990 953
809 679
666 460
650 258
743 238
965 741
256 864
569 101
753 192
909 172
578 180
557 305
562 806
579 860
834 460
925 376
528 116
143 922
238 438
47 636
791 30
565 135
481 630
243 851
341 299
28 554
973 124
569 265
200 489
973 391
573 194
539 363
667 350
807 123
280 385
279 347
122 243
627 954
748 867
584 772
896 673
72 110
736 891
474 270
935 832
165 592
573 307
538 867
5 748
687 597
617 950
482 564
504 943
734 801
465 346
661 139
294 103
901 668
294 762
336 621
226 132
101 126
302 209
196 572
838 391
252 254
752 68
201 277
845 548
809 131
490 333
96 594
10 824
410 555
677 822
222 287
553 888
532 580
308 849
679 311
611 819
591 748
280 542
138 401
981 59
563 613
638 521
472 944
676 657
418 692
661 905
22 50
557 605
462 181
686 462
580 53
302 692
430 418
141 21
87 498
603 955
291 15
118 66
937 507
293 170
666 660
333 451
779 905
617 757
212 673
943 543
896 454
962 54
199 688
275 515
58 497
849 983
439 780
47 904
701 699
541 154
688 754
48 135
946 458
747 842
23 145
5 553
675 317
650 787
751 470
888 175
496 894
913 172
368 760
938 777
138 36
463 822
466 67
802 210
343 54
753 830
40 618
259 821
96 806
170 469
995 841
190 351
173 509
803 151
447 116
602 557
198 399
215 551
519 756
132 476
848 677
208 106
80 831
869 550
671 531
219 366
600 812
361 758
675 107
808 510
664 623
421 576
978 818
958 211
243 983
120 76
803 71
476 455
964 11
958 587
291 172
989 29
38 262
538 247
252 47
955 938
357 979
160 550
749 231
624 981
748 418
56 44
755 704
272 441
944 273
691 392
945 755
968 586
986 481
622 563
381 489
146 101
404 702
846 710
888 78
355 198
840 88
639 921
547 656
677 801
959 338
511 353
611 504
243 50
81 262
660 291
681 637
266 71
560 621
31 782
602 854
848 507
148 554
663 741
77 135
397 356
206 981
289 93
755 908
597 593
266 925
656 13
485 637
986 461
311 773
494 389
249 253
850 207
243 647
20 183
563 718
206 376
933 890
607 290
294 283
132 450
479 789
686 264
742 997
653 619
805 12
304 6
322 445
514 787
345 273
515 598
771 183
936 587
956 233
461 517
577 815
576 581
93 210
603 158
269 243
840 861
404 923
169 423
940 693
614 420
120 563
390 658
483 12
84 214
887 755
602 663
289 621
215 620
309 610
826 546
60 981
495 843
117 607
243 652
446 275
943 563
179 436
507 694
242 512
810 587
521 97
761 612
163 479
193 542
948 56
375 264
192 54
641 402
678 57
814 634
223 618
77 296
131 797
444 255
481 192
265 524
423 20
949 980
785 851
552 45
36 134
368 863
644 8
60 682
371 868
427 515
445 864
411 816
614 398
552 664
987 587
289 476
716 29
973 981
775 770
486 121
446 282
375 400
937 52
913 359
950 337
293 626
293 397
132 891
224 908
152 270
355 777
48 615
360 145
18 459
560 131
771 165
93 742
331 167
920 787
150 489
81 361
335 226
602 824
393 738
249 869
160 723
250 534
354 605
310 30
62 808
200 649
989 97
56 524
519 592
304 759
703 706
541 409
100 767
359 983
212 934
895 737
804 765
224 337
327 558
707 717
33 261
224 601
831 723
584 445
870 618
725 290
47 735
301 240
985 461
803 114
87 533
9 313
933 789
40 674
672 453
95 126
405 178
542 941
211 968
758 474
964 873
931 835
839 954
216 862
73 821
332 921
603 346
98 161
480 785
355 338
946 806
83 349
33 135
362 55
677 225
145 16
970 822
516 971
721 274
481 408
687 503
263 787
88 689
822 849
398 926
823 247
291 478
393 768
726 935
149 159
741 21
945 442
121 968
412 492
768 706
89 764
825 535
201 922
736 182
937 640
679 693
169 558
168 546
975 345
687 823
66 724
838 661
122 871
230 761
199 382
679 778
496 404
973 670
372 433
7 631
84 379
512 769
86 20
802 349
41 371
324 905
932 563
292 282
38 348
115 922
706 620
406 943
194 877
796 355
573 7
689 290
375 352
800 368
432 981
785 57
491 575
509 729
84 367
165 855
809 712
974 317
811 91
150 835
62 545
907 553
874 619
930 616
509 468
608 920
328 533
679 359
93 832
60 470
705 613
26 613
230 690
261 313
779 507
245 337
361 24
913 219
803 516
492 822
857 241
882 55
52 733
386 893
149 207
679 451
63 777
100 517
304 734
214 654
139 945
964 190
199 851
40 317
526 283
347 908
482 837
102 175
410 780
535 207
125 262
722 471
733 71
350 828
224 57
599 776
340 700
281 166
320 466
263 18
529 53
456 818
954 135
12 408
793 712
41 851
480 221
309 876
685 704
561 47
355 248
541 880
139 458
173 447
621 13
56 593
809 899
439 55
441 844
940 69
647 851
389 623
266 20
133 817
953 615
515 133
430 749
256 956
538 47
62 917
211 445
394 717
785 43
966 768
638 244
169 752
684 644
907 278
703 258
869 91
578 470
564 978
998 433
799 85
434 353
342 894
788 877
382 257
426 278
229 464
314 232
608 437
835 525
229 845
747 445
547 680
289 869
503 868
200 605
315 174
3 576
496 590
480 648
707 859
263 756
177 680
451 25
90 436
826 925
169 502
707 661
562 144
52 364
33 934
840 306
349 658
327 523
219 386
828 134
955 502
79 379
579 418
924 36
998 103
632 908
88 828
896 403
271 377
417 607
81 401
593 2
259 351
883 885
544 586
807 795
47 164
251 607
748 316
22 689
988 952
355 725
446 155
536 595
701 850
425 289
426 433
446 457
73 287
984 730
486 437
179 133
37 47
280 801
667 579
120 32
96 534
819 85
782 843
778 623
948 631
804 220
882 377
720 67
666 887
26 726
117 66
724 478
356 16
999 868
907 823
929 168
748 420
532 115
808 540
73 882
148 658
883 234
738 142
848 781
280 522
646 312
942 555
319 294
446 962
93 91
641 988
3 619
952 926
514 287
430 455
259 542
633 730
272 89
306 113
304 596
196 952
821 140
331 778
480 448
297 654
64 655
501 59
177 96
617 257
961 730
472 303
236 901
112 246
462 580
630 104
625 221
689 634
653 596
528 312
748 982
659 264
73 237
4 110
764 514
186 305
462 634
157 586
653 112
488 873
413 353
125 12
841 811
681 383
99 264
114 629
479 533
190 109
264 292
998 371
447 459
12 207
729 619
468 505
811 766
454 934
937 67
497 996
221 741
218 258
750 746
597 548
999 773
472 902
269 958
309 103
738 903
226 816
649 544
706 563
826 753
741 905
340 501
309 418
471 136
937 727
58 95
663 67
385 680
446 317
687 329
265 410
449 285
455 857
803 411
783 730
143 17
990 929
917 143
404 54
499 966
705 55
815 980
83 647
671 837
269 348
747 566
390 464
659 568
948 778
485 593
632 715
503 299
28 888
913 391
875 839
344 840
715 331
494 601
3 770
227 126
357 718
301 817
33 563
825 2
509 633
826 870
114 75
21 525
150 117
995 101
173 737
504 253
707 246
362 595
268 192
895 900
306 856
92 983
182 86
315 231
858 856
987 359
101 911
643 654
648 47
121 687
966 439
894 153
179 225
951 519
609 31
537 298
93 593
98 540
45 696
173 387
426 947
84 735
144 558
381 277
269 944
968 756
551 836
511 953
180 813
846 768
791 474
578 674
341 442
188 770
836 724
11 12
825 751
547 741
215 292
823 692
309 884
988 996
826 308
829 979
150 12
890 794
916 583
975 564
88 601
195 287
315 386
508 724
130 349
399 466
882 520
810 317
421 983
423 488
746 776
603 372
72 642
803 941
57 507
479 441
638 840
279 131
407 974
635 305
564 585
414 772
549 444
182 586
897 382
368 423
560 843
212 740
118 343
409 849
449 780
447 265
177 285
291 651
585 921
990 779
424 488
349 592
309 961
176 654
746 189
413 687
547 635
569 604
822 126
272 241
1 469
568 212
591 311
793 356
950 244
924 316
11 860
546 372
693 776
85 125
660 588
684 374
929 164
662 29
480 926
481 116
574 292
638 694
299 44
465 369
483 110
447 673
122 495
984 563
880 962
514 467
750 176
697 991
311 700
662 140
166 97
242 507
388 878
336 55
355 168
91 771
853 740
926 234
529 246
217 724
198 278
237 670
271 51
60 806
920 831
292 943
940 117
752 766
987 178
367 457
53 674
845 741
312 346
670 827
529 461
514 974
453 423
605 64
989 134
961 893
176 619
416 64
743 769
357 812
68 145
323 171
417 836
986 802
602 379
382 828
868 140
645 512
421 827
261 225
500 175
856 276
320 490
469 185
683 397
436 438
293 107
605 210
792 947
172 595
173 709
121 802
481 579
624 314
56 535
73 814
440 694
42 534
370 139
39 534
617 922
687 475
193 312
358 680
345 900
215 17
26 403
721 56
403 334
666 162
909 679
337 537
599 459
308 374
253 601
62 774
846 25
342 552
115 616
4 74
341 55
614 135
375 83
191 548
367 823
924 32
293 325
867 273
18 615
865 517
422 306
993 934
710 290
336 367
614 22
335 228
652 234
746 733
963 849
910 823
713 295
833 39
988 306
793 771
609 825
497 265
479 51
580 911
796 220
672 466
29 352
659 943
931 457
491 635
916 115
316 385
169 658
648 157
492 904
480 573
337 273
688 519
49 783
28 485
656 395
177 627
623 2
309 667
54 283
572 234
437 636
810 563
804 611
211 66
799 461
323 294
821 43
729 284
367 440
454 145
511 734
439 466
323 3
153 253
63 797
163 725
480 239
637 488
201 93
266 942
26 634
381 725
772 827
98 863
885 191
744 156
637 558
434 491
89 828
158 720
200 793
125 902
520 376
160 94
942 892
119 395
84 415
998 394
468 830
90 578
350 618
73 939
627 460
421 667
152 278
281 323
245 562
309 858
802 905
608 431
259 567
497 96
79 533
850 987
208 546
925 22
429 17
50 893
33 339
215 762
723 231
803 254
610 664
184 587
356 165
649 460
93 109
729 241
887 812
896 78
73 392
909 51
698 612
259 798
738 426
630 51
573 11
632 771
482 502
466 348
144 250
261 772
249 753
968 443
930 622
787 276
36 363
437 590
820 253
243 105
155 590
562 386
435 581
891 395
804 475
435 843
610 822
829 606
15 184
223 696
194 945
629 238
431 67
65 893
929 543
472 478
215 957
667 261
882 908
661 960
529 837
421 837
208 867
688 8
338 507
318 232
763 294
727 233
18 300
531 578
89 347
344 717
231 595
955 63
494 994
226 795
300 579
778 674
51 745
622 368
199 481
882 878
701 298
773 980
685 432
850 647
390 409
614 914
748 702
621 19
678 657
897 107
610 868
77 790
189 103
411 878
81 674
307 484
309 989
199 850
937 983
383 716
617 548
45 51
392 17
565 178
930 497
260 134
202 69
421 234
314 481
699 135
317 518
796 855
988 176
48 317
526 914
434 359
529 870
465 835
644 182
239 370
319 339
665 642
208 494
705 928
27 220
300 22
564 891
158 571
123 954
909 303
752 325
604 891
622 385
275 688
681 981
556 231
204 972
81 574
474 69
423 690
961 207
562 7
653 785
624 731
771 902
248 182
511 574
864 872
771 740
22 832
499 917
578 391
9 461
590 992
266 484
604 317
577 795
787 548
604 305
352 780
538 520
886 969
559 8
538 537
428 75
411 901
57 654
148 842
662 771
493 769
42 965
624 357
850 44
390 395
909 271
434 241
563 183
885 518
221 663
186 484
848 943
775 689
722 575
4 400
266 963
9 88
382 984
872 136
803 898
268 571
610 274
614 66
840 140
504 772
946 231
507 408
568 152
308 403
269 168
937 850
564 905
477 612
187 591
108 178
705 769
879 932
353 386
138 165
675 67
968 471
513 21
678 555
608 942
678 385
720 680
789 642
805 106
269 692
357 570
799 250
982 836
261 335
269 169
839 918
955 288
885 244
775 117
673 140
152 142
672 601
379 847
237 20
34 724
815 644
598 20
24 696
115 428
577 489
335 265
706 615
375 429
431 495
413 317
2 262
311 467
515 692
707 554
407 797
393 598
504 303
500 926
621 102
289 645
362 821
328 424
588 113
738 143
520 806
443 546
354 91
561 81
121 247
344 551
66 631
353 203
666 784
487 623
354 315
275 122
645 263
495 96
522 332
523 29
283 458
206 474
754 35
355 78
486 429
198 534
309 561
128 35
599 601
864 893
431 702
701 16
265 346
427 586
155 321
561 710
243 867
266 401
362 464
731 889
970 19
753 737
437 72
505 395
556 575
157 582
560 501
942 992
337 812
853 139
301 830
794 59
603 578
965 343
877 682
96 35
589 992
953 631
874 911
63 29
204 828
291 887
591 382
667 757
778 391
946 869
62 495
638 439
216 570
433 20
215 137
860 797
950 649
789 74
863 183
841 220
26 775
649 837
743 918
796 236
119 152
835 682
144 634
233 954
569 107
940 11
735 905
139 39
41 149
496 963
850 238
445 757
329 562
88 295
453 507
330 189
792 64
918 863
119 371
526 689
970 856
269 782
547 356
146 709
73 867
347 332
113 321
251 35
723 760
796 381
589 231
959 246
885 800
608 78
996 512
418 699
129 255
165 606
612 423
653 879
870 712
248 583
617 271
437 95
672 622
729 184
207 745
324 177
487 295
935 403
401 290
662 708
94 858
68 827
353 673
681 531
779 303
816 563
504 469
178 980
201 960
112 229
929 12
314 545
646 427
263 424
797 927
961 974
230 768
691 107
984 974
291 658
399 189
570 267
290 652
790 235
701 345
721 176
614 922
133 962
405 685
946 791
41 972
485 32
306 857
951 510
58 669
844 780
665 422
721 193
940 723
708 142
252 50
565 390
118 553
528 512
672 613
624 366
953 680
995 915
826 953
191 231
313 874
173 823
87 466
764 464
177 605
697 694
59 71
915 795
660 651
229 317
610 119
719 395
629 836
846 612
668 238
562 498
411 127
963 570
591 682
140 745
331 616
428 504
552 761
223 295
5 240
387 333
709 498
614 873
33 676
413 331
416 209
187 904
552 51
937 926
628 710
24 278
80 206
154 243
449 415
50 503
431 283
269 87
731 980
532 374
552 535
738 288
114 152
205 740
349 991
499 72
523 678
31 595
991 212
341 936
836 704
650 706
579 962
653 631
357 325
598 980
824 817
382 343
222 225
517 408
811 605
224 849
171 887
465 598
79 664
676 244
750 87
937 602
530 910
778 54
758 407
8 290
493 945
743 12
522 483
729 147
608 881
932 634
919 250
972 922
315 616
959 862
192 892
227 600
863 396
547 206
729 759
902 262
217 29
159 902
402 812
184 647
926 908
223 388
41 725
61 351
397 1000
598 101
228 149
744 762
92 379
259 262
637 767
14 806
831 415
635 957
214 331
446 12
910 810
819 787
897 762
683 44
312 507
917 162
633 647
869 372
320 48
121 270
301 573
486 749
369 840
767 372
436 145
946 965
204 213
412 795
151 461
638 180
269 271
291 386
700 386
355 914
943 606
961 103
709 348
727 45
196 673
802 452
345 279
271 588
73 717
94 634
530 409
425 495
261 422
818 939
465 11
840 991
412 680
197 25
660 284
661 69
275 758
929 343
315 521
246 181
728 180
356 861
529 453
322 605
745 690
252 798
219 85
494 89
587 856
284 751
727 181
431 616
379 299
514 889
309 657
879 110
499 712
650 8
65 35
214 534
703 166
815 272
734 343
311 233
259 968
259 320
354 941
172 292
500 38
666 547
155 595
729 117
987 131
575 475
935 788
495 408
940 686
482 370
236 505
122 406
711 824
397 816
574 784
417 82
56 910
934 418
350 72
993 297
721 172
938 864
688 37
706 718
545 129
885 207
386 631
624 75
515 908
239 345
930 955
370 101
614 618
558 487
907 29
302 108
196 108
217 814
513 873
509 440
648 982
753 570
992 862
934 593
920 789
426 34
27 96
23 915
196 873
695 203
146 421
122 937
437 797
77 176
261 878
637 654
961 710
194 972
508 615
635 505
11 947
772 971
701 422
611 207
848 747
831 733
173 781
998 395
908 346
857 851
199 498
951 745
768 495
202 440
536 963
811 545
477 98
948 474
9 837
447 926
963 945
357 268
214 213
749 491
824 265
727 440
112 389
854 926
170 135
315 687
405 732
524 972
959 592
405 150
196 181
965 110
358 788
271 135
898 57
83 833
774 652
4 390
998 307
693 884
5 212
975 322
27 615
621 864
239 510
629 343
426 242
245 649
936 315
840 359
53 737
895 180
879 133
113 878
495 209
443 512
118 130
301 429
304 415
199 3
52 255
436 737
626 164
493 91
243 25
564 835
523 398
471 507
504 54
151 613
406 590
841 89
417 244
838 1000
881 498
99 424
920 221
869 198
7 827
686 953
466 14
201 112
268 467
363 512
959 717
754 668
665 212
585 423
320 477
284 774
670 493
284 184
747 647
676 295
444 860
495 626
115 186
243 113
62 381
121 116
522 439
529 376
446 828
730 267
676 182
344 886
734 307
364 458
384 67
994 682
738 347
479 382
496 769
279 862
956 50
305 254
412 651
31 297
326 527
623 254
515 129
628 833
885 868
989 992
721 959
152 78
723 98
580 780
691 13
531 1
749 842
566 593
572 944
844 533
314 79
313 939
387 492
437 368
815 770
671 580
263 934
819 497
340 897
640 82
713 572
382 284
129 104
789 895
650 215
10 736
852 111
998 527
947 555
929 116
588 745
159 348
635 780
811 933
251 592
272 45
596 447
703 485
743 568
83 856
284 537
391 889
730 543
546 419
986 555
915 899
272 655
202 250
895 408
811 818
719 677
133 706
10 905
120 770
232 718
247 606
378 366
214 279
380 11
314 728
356 260
199 731
679 134
516 740
404 830
397 137
334 59
887 35
443 513
946 124
585 900
809 824
331 540
515 745
291 373
174 457
920 276
461 471
411 718
310 403
84 708
161 507
768 141
293 851
115 962
369 899
582 814
975 679
169 194
600 374
357 92
602 723
582 976
821 184
750 22
532 762
936 856
458 75
439 191
223 242
958 558
43 776
755 103
67 16
763 890
656 87
659 984
979 704
803 786
680 776
399 136
493 285
738 723
561 913
157 976
411 448
361 557
214 153
930 198
948 331
163 717
177 334
294 46
349 735
740 270
666 172
545 394
245 406
67 274
358 194
44 834
982 776
344 87
245 961
951 908
73 645
935 854
239 240
666 524
421 520
5 35
81 242
151 371
40 96
302 336
656 63
399 507
363 607
965 525
152 652
431 703
115 431
903 702
598 450
872 231
953 533
447 104
52 388
453 835
8 546
248 945
120 718
742 971
841 335
203 69
216 873
719 399
788 682
55 501
972 273
3 558
39 682
150 427
480 862
118 225
747 941
892 19
965 931
434 813
327 981
679 79
306 864
239 672
955 773
447 460
485 153
468 71
822 8
402 8
973 539
26 281
916 726
675 979
157 636
840 877
989 1000
144 735
123 433
36 914
328 891
829 627
511 240
259 875
78 780
963 582
881 300
788 772
73 294
189 276
916 411
437 947
738 560
289 519
34 400
120 5
378 93
583 724
286 375
641 760
36 699
427 387
158 540
644 631
206 554
649 433
152 759
890 906
462 980
102 241
709 407
322 187
485 605
569 695
734 620
571 346
809 699
130 156
849 231
330 74
796 713
866 774
356 795
175 321
803 754
15 253
456 669
201 273
973 62
811 175
149 460
310 254
743 258
598 94
874 447
157 244
506 629
158 282
63 386
65 438
1 599
953 50
699 111
520 981
260 720
477 822
319 342
767 317
489 905
223 899
215 716
610 700
535 777
910 649
773 136
911 631
859 774
410 276
301 984
565 699
499 564
839 525
734 599
459 250
916 640
230 939
294 467
454 517
100 696
323 177
363 467
859 502
613 981
628 986
994 350
793 433
522 746
193 438
13 432
752 892
89 570
667 19
625 995
93 194
665 623
632 65
885 401
578 133
562 574
923 892
49 977
263 578
286 902
550 39
735 105
341 242
573 756
577 654
541 117
465 756
119 105
263 723
875 346
361 299
713 401
894 997
642 66
864 478
935 278
646 634
344 863
792 842
251 363
598 418
359 527
840 343
514 914
796 480
237 868
951 125
683 797
95 492
685 764
389 922
28 571
118 92
982 956
90 525
660 974
511 801
538 399
476 767
3 674
170 190
63 627
850 588
923 270
246 54
11 159
341 764
289 695
432 765
713 265
625 159
308 669
917 740
593 502
7 347
299 152
366 143
293 389
971 450
669 911
13 669
15 748
343 51
588 175
660 812
661 597
993 634
226 149
158 350
726 750
322 736
986 862
404 690
538 582
208 690
561 484
427 141
891 416
285 231
575 467
430 293
342 772
755 794
122 985
519 984
811 35
560 795
755 971
888 185
564 828
999 16
583 906
894 468
966 475
786 424
636 416
182 362
118 666
886 81
82 582
614 868
599 778
249 831
361 962
506 842
198 63
678 800
284 822
404 714
641 195
117 389
686 590
653 990
393 376
913 369
362 905
221 572
258 147
232 695
1 915
629 905
436 689
670 66
727 488
162 941
946 95
529 575
947 592
805 847
206 960
154 992
476 298
421 630
479 190
940 164
227 484
887 967
446 13
653 139
789 192
565 404
785 774
911 696
787 902
607 452
475 527
866 149
650 915
814 102
65 370
671 827
319 662
31 152
678 432
291 912
675 705
511 766
256 12
894 366
976 818
995 165
306 908
546 902
670 399
157 865
748 96
252 29
786 779
625 575
532 801
437 445
57 972
3 181
684 325
576 326
540 911
656 896
778 475
143 442
545 682
447 843
173 837
609 258
917 57
684 996
577 182
686 85
63 420
28 202
47 94
389 827
603 147
260 174
515 191
671 194
3 806
144 264
959 254
335 709
285 464
380 798
319 424
913 37
536 952
752 351
36 544
734 692
30 551
223 850
62 520
824 844
950 300
285 769
930 150
219 798
755 832
700 410
148 274
568 884
204 745
313 566
405 600
766 144
500 877
232 88
485 394
710 744
451 756
953 88
536 176
810 140
249 900
730 220
976 905
181 262
816 91
154 542
963 851
218 347
738 115
70 273
932 116
661 77
467 209
368 172
968 597
666 56
354 326
924 657
118 326
302 734
211 976
489 278
744 755
496 434
169 656
990 432
508 390
665 572
199 315
779 376
249 8
296 623
253 592
317 586
108 373
662 151
521 468
426 8
368 765
318 386
466 836
391 594
414 60
473 347
642 835
143 839
637 306
685 618
55 639
672 545
106 165
456 432
802 521
271 706
511 516
130 360
990 457
650 908
187 418
919 124
249 731
766 991
397 755
859 392
120 397
474 109
919 935
938 41
741 606
707 578
742 818
662 189
108 922
866 354
200 469
382 488
93 128
935 441
938 367
406 39
725 613
421 929
677 706
328 495
842 546
291 312
239 539
112 843
683 779
208 394
23 810
919 195
600 515
319 366
449 475
106 723
819 699
291 44
752 161
485 697
789 581
289 503
540 186
228 212
616 901
769 981
761 563
365 643
346 756
874 921
186 247
294 124
516 504
903 184
524 51
374 142
357 281
641 515
357 134
913 921
473 308
842 474
291 336
883 727
204 444
204 951
678 648
465 530
122 379
215 209
143 35
823 605
312 101
496 379
994 394
632 558
944 704
946 732
564 339
837 801
953 183
603 562
807 386
475 957
364 983
958 570
650 459
299 702
998 299
428 858
340 532
496 266
198 21
788 544
551 452
664 622
536 931
739 307
26 910
160 320
556 469
284 716
746 445
968 420
879 795
456 707
584 464
252 939
188 349
814 334
653 220
214 910
869 518
659 345
825 654
380 83
945 457
664 780
879 754
3 762
975 101
740 737
922 460
462 317
646 408
232 697
532 397
982 855
90 417
897 341
808 631
112 968
57 48
280 132
120 601
445 129
523 986
726 242
430 480
948 40
768 105
345 21
329 696
453 855
598 97
919 970
645 451
701 550
315 471
489 244
528 735
378 215
340 898
306 558
551 760
879 735
643 62
735 844
721 88
176 761
160 643
875 652
269 181
326 708
862 321
683 36
328 103
577 108
775 1
153 274
120 934
243 960
251 563
199 837
577 266
878 634
824 386
793 290
457 46
795 66
924 358
249 482
602 732
657 101
750 785
605 423
800 429
897 857
381 872
975 555
738 8
866 638
171 604
850 740
232 905
891 39
422 773
206 741
399 580
364 426
681 504
899 433
277 818
169 217
25 183
941 385
378 65
701 131
57 262
365 453
536 591
810 338
611 968
206 300
91 385
118 712
891 222
723 440
158 691
543 484
394 957
881 635
378 739
151 991
969 30
4 999
920 744
153 542
371 851
869 651
727 587
728 731
413 543
657 94
885 260
198 126
880 97
485 294
437 68
864 976
973 605
367 690
683 991
445 601
190 857
202 546
709 642
892 339
744 818
750 316
146 781
491 145
787 668
817 44
846 851
23 299
387 362
151 285
421 231
375 578
223 305
895 398
251 869
98 326
805 568
345 432
94 563
662 316
804 346
774 282
894 968
869 291
304 710
644 277
158 15
531 349
272 297
456 470
57 376
989 126
310 655
477 949
701 704
886 942
632 697
500 458
890 94
486 246
15 307
625 475
453 834
57 489
989 688
750 32
385 546
830 634
37 217
155 507
758 597
480 45
784 680
417 795
291 747
163 190
676 782
358 861
169 203
479 855
959 532
121 567
988 1000
13 842
675 219
768 855
732 24
382 571
73 653
536 307
937 635
76 225
566 418
588 797
661 361
137 680
932 424
28 758
251 13
340 893
328 861
864 458
200 236
866 111
921 181
80 371
188 908
173 970
355 59
924 371
188 270
999 601
839 277
179 755
753 92
271 281
330 176
955 82
918 858
477 490
170 396
689 639
973 966
675 115
841 260
219 447
182 939
805 161
734 217
17 415
112 781
739 238
298 927
229 426
522 433
838 797
624 862
572 470
40 372
848 918
903 798
995 969
173 946
482 140
398 228
691 76
301 839
70 570
785 462
783 847
92 627
536 723
937 835
6 61
561 469
299 863
853 348
270 878
910 615
816 939
197 822
572 484
218 655
866 985
990 943
372 207
886 799
28 550
361 597
358 539
10 182
952 189
643 3
378 124
40 492
729 929
208 8
82 420
173 176
221 485
782 460
217 878
697 751
898 79
661 908
132 692
128 755
407 409
617 931
470 581
931 598
469 507
73 501
163 906
883 881
772 142
520 255
972 806
498 7
80 694
120 776
157 256
301 616
857 175
50 927
427 132
950 928
679 745
224 982
115 306
318 786
154 468
504 145
379 690
455 801
343 471
951 297
625 994
754 368
240 699
572 147
23 673
852 997
746 765
436 349
92 918
491 778
681 155
511 904
594 2
958 180
600 276
778 262
264 164
600 655
656 28
986 165
114 788
588 595
648 870
115 736
204 170
577 459
872 954
63 353
174 939
728 702
268 591
820 44
768 533
641 281
56 401
969 390
311 278
84 312
193 840
558 781
850 698
707 95
194 717
746 46
375 288
106 820
214 189
486 636
469 742
825 597
218 934
644 734
294 325
333 797
741 745
188 767
187 153
966 339
802 690
354 651
125 607
453 178
736 434
679 114
275 992
152 24
904 957
897 644
232 326
323 17
435 712
584 629
378 902
792 413
848 522
660 733
114 639
852 533
227 874
502 922
176 317
124 534
178 17
14 780
233 203
882 860
296 391
114 690
77 574
225 832
18 362
122 748
377 348
920 127
710 51
570 283
143 695
660 515
402 834
133 615
206 935
60 22
781 273
917 175
226 466
268 621
919 850
950 619
369 6
275 746
345 231
969 655
39 983
317 209
77 366
342 461
22 607
115 750
424 692
795 967
480 555
301 807
630 85
356 483
530 360
732 615
306 939
128 371
609 415
643 816
973 951
557 877
924 939
965 999
361 54
803 43
15 394
236 216
881 149
829 338
719 264
371 438
977 762
155 543
818 702
529 132
162 615
508 146
381 156
899 652
347 475
700 235
439 113
975 35
405 892
538 762
727 642
157 235
340 61
785 362
955 950
791 722
842 737
275 941
645 951
411 11
429 694
489 186
84 759
641 953
966 765
911 601
509 126
660 674
788 103
168 927
169 261
779 535
661 254
563 908
249 652
432 207
397 542
182 458
767 7
227 49
120 893
427 267
121 164
746 170
468 2
89 467
698 540
55 233
792 323
523 582
650 468
299 878
13 234
97 507
568 287
550 467
582 25
384 347
94 410
973 66
494 400
169 308
775 769
384 996
284 745
838 911
430 998
90 168
648 13
551 432
972 830
442 464
496 729
841 813
685 735
897 677
892 863
951 74
755 295
739 618
591 725
188 297
778 338
887 980
926 408
640 415
717 276
990 550
938 156
264 682
261 318
769 140
984 492
465 147
546 156
377 253
641 794
215 16
805 7
572 374
516 539
783 895
437 363
663 771
975 422
206 858
154 395
302 590
377 194
358 492
392 276
953 905
461 432
381 827
312 798
115 626
614 616
500 184
670 962
22 945
1000 851
894 413
753 418
172 717
73 816
683 161
60 718
829 440
150 38
261 406
172 247
924 492
726 383
854 416
267 326
909 779
340 845
325 905
179 530
301 427
827 142
792 337
810 755
45 595
669 21
121 858
675 927
394 725
324 140
567 832
833 303
518 209
993 235
32 505
483 504
600 126
780 724
663 477
843 927
720 712
259 939
316 712
578 64
56 457
455 542
405 507
375 282
583 180
324 418
53 167
657 574
164 126
112 391
886 130
431 978
428 128
123 175
838 234
549 978
328 383
737 594
809 496
366 554
918 615
341 8
633 212
10 471
375 461
200 448
609 323
966 334
414 667
240 440
330 107
665 209
58 571
151 395
375 823
853 845
563 527
783 139
842 14
92 673
73 849
790 765
701 302
560 429
83 619
383 535
653 481
177 296
838 82
641 505
381 627
361 527
211 132
93 756
993 807
901 498
445 790
617 317
301 60
708 908
547 444
589 372
384 392
898 932
352 567
296 708
577 629
299 234
173 2
618 452
468 149
859 623
665 506
630 822
930 653
720 823
612 877
169 272
952 376
344 312
232 593
451 698
251 329
306 235
425 8
199 41
341 846
628 471
774 423
579 64
120 230
455 751
248 14
509 789
200 158
236 767
453 911
33 317
557 980
82 350
57 984
302 648
194 17
381 605
378 600
87 478
641 715
304 722
608 250
496 310
846 164
891 181
26 259
616 575
462 870
449 69
485 244
531 438
275 983
368 403
294 474
684 214
206 253
426 226
637 892
963 25
526 383
216 690
855 586
624 676
897 525
842 461
662 783
684 979
663 745
977 290
207 555
705 488
65 979
356 246
193 572
802 642
947 992
76 884
841 819
551 290
824 306
4 874
208 808
26 84
65 844
923 821
466 111
26 979
379 44
786 497
182 339
87 839
493 551
60 142
427 620
706 696
224 797
122 774
103 247
783 113
953 247
952 51
95 773
131 502
130 912
251 618
160 186
153 504
62 130
157 512
726 558
160 390
804 983
803 681
328 445
456 135
600 86
256 873
224 382
629 780
334 759
578 164
559 506
985 241
47 620
301 865
747 757
656 965
763 965
537 19
721 798
791 215
204 534
616 192
489 76
468 51
451 29
859 383
293 802
455 727
332 776
793 298
933 766
333 620
299 209
814 592
375 874
885 463
213 993
139 580
40 352
521 400
496 800
743 842
192 830
481 98
430 98
589 276
913 900
453 67
841 627
388 109
854 906
828 113
188 363
260 168
975 884
763 636
462 601
44 992
636 873
684 856
929 4
883 11
414 11
643 489
919 530
330 580
421 507
531 693
82 254
635 759
651 755
357 904
855 452
909 801
686 754
987 244
881 585
751 834
256 20
493 537
866 85
512 484
758 47
993 6
890 418
895 695
306 585
676 600
953 514
814 607
330 765
293 503
683 364
705 448
846 669
314 436
948 730
875 640
62 705
236 476
675 566
640 454
714 583
567 765
143 768
666 537
521 855
242 103
741 825
26 62
688 277
137 17
104 647
507 303
395 103
366 498
288 765
788 283
263 690
211 788
930 990
79 760
319 34
672 595
13 527
32 844
28 778
551 487
897 229
987 72
771 732
292 507
421 513
121 470
67 59
875 262
839 276
412 417
772 902
993 343
188 636
887 8
923 755
984 398
90 107
625 25
401 524
397 822
684 267
258 622
903 904
336 658
962 762
687 332
671 715
783 149
236 57
989 52
576 71
387 21
133 110
327 610
523 474
500 732
799 279
360 423
429 265
859 552
894 964
751 513
87 388
55 857
42 735
705 888
226 134
852 761
854 91
87 152
306 635
986 700
509 64
479 63
898 151
738 899
426 535
481 60
724 488
796 909
284 295
401 527
659 862
824 514
401 517
341 855
80 783
850 15
500 255
228 452
839 133
768 806
596 766
378 334
311 911
845 776
283 127
519 636
973 681
244 527
390 798
950 988
946 746
638 268
587 849
325 389
271 12
510 131
33 766
596 733
705 503
645 850
150 336
758 997
259 91
248 137
379 708
710 888
446 987
34 623
400 46
199 694
662 842
95 607
684 355
82 598
212 857
712 876
473 806
589 101
347 326
993 901
560 800
667 708
33 196
559 978
625 301
638 121
677 642
272 787
399 794
660 944
681 154
990 940
3 716
611 982
879 939
962 639
281 997
907 418
668 976
344 164
931 96
885 319
661 586
496 359
739 806
278 235
898 419
942 905
131 124
889 694
853 365
393 332
361 442
966 196
52 524
787 156
701 184
937 271
663 252
538 896
633 262
962 893
946 954
377 346
188 493
302 672
693 159
144 597
501 518
73 132
90 6
516 258
938 278
256 85
940 566
728 307
28 676
711 960
215 145
767 580
237 569
695 598
938 170
934 255
284 518
834 419
673 905
28 731
838 347
281 759
659 1
565 790
146 468
882 257
310 830
331 487
942 325
656 419
15 202
436 960
641 845
147 143
147 834
591 584
847 135
314 368
63 904
799 926
428 604
643 609
394 873
549 254
18 123
937 129
370 889
730 8
703 19
227 669
935 353
803 242
913 858
532 710
529 221
993 512
220 408
941 352
796 110
943 12
552 270
323 25
306 67
434 601
53 283
511 755
258 254
224 13
313 889
120 665
428 127
405 335
11 372
985 513
52 360
217 98
994 29
937 678
113 145
465 563
389 906
263 79
711 620
667 753
87 182
393 773
36 475
256 492
221 22
956 674
171 865
280 45
308 50
816 175
466 1000
430 770
955 50
859 310
751 337
374 507
231 109
494 287
532 237
668 464
689 682
565 386
219 476
47 448
917 116
749 881
473 96
201 171
936 786
611 262
738 659
218 162
796 889
29 613
528 647
866 957
462 731
713 539
803 812
150 525
328 759
610 978
24 934
991 837
710 618
188 534
482 906
319 492
770 863
249 544
919 954
770 392
271 4
538 235
344 596
169 582
791 167
336 807
523 810
85 346
589 321
640 974
148 574
721 863
743 956
541 386
846 717
509 25
216 801
451 391
659 609
407 518
590 75
24 830
314 353
838 943
482 64
176 585
885 622
50 110
322 715
107 694
950 339
650 680
94 298
630 807
973 936
906 832
210 181
357 535
799 448
733 212
569 445
924 284
499 31
10 996
886 177
153 307
211 46
158 619
62 413
656 730
453 149
364 171
497 95
353 769
188 373
952 864
364 877
617 152
113 43
324 840
973 976
354 650
206 859
442 183
658 415
770 814
473 598
336 419
310 424
611 856
480 379
444 220
562 579
193 236
888 231
766 692
341 412
531 785
456 874
971 61
221 694
334 234
903 976
950 107
562 31
748 732
693 109
100 614
611 812
54 244
197 228
771 652
829 40
405 475
425 802
314 601
483 618
299 777
121 294
903 776
214 837
966 131
513 69
108 159
880 533
493 317
95 419
