280 335
483 328
393 80
251 996
983 431
215 769
39 471
441 828
705 543
800 757
907 555
857 452
513 656
753 299
751 800
855 966
556 609
795 955
563 391
411 946
329 541
203 911
464 536
138 681
640 26
273 70
852 798
155 38
528 572
929 531
762 916
153 521
923 61
875 292
268 462
841 404
408 761
62 554
11 564
268 93
362 256
12 90
965 972
705 391
984 714
197 227
895 412
642 400
62 919
871 103
880 369
605 23
510 197
718 302
495 883
645 924
405 103
614 207
484 480
46 363
747 298
185 965
776 265
993 878
522 460
148 558
341 714
305 364
34 162
827 483
488 707
116 794
716 537
916 171
171 404
889 655
547 881
489 761
808 990
769 328
988 628
423 139
691 907
138 777
216 553
90 14
259 687
720 137
498 859
263 755
372 86
512 910
912 842
804 840
87 604
90 288
562 130
421 152
369 863
78 769
653 605
602 391
341 465
640 616
843 947
290 785
481 726
8 194
924 80
853 118
122 224
635 133
622 984
588 965
772 12
296 221
678 210
476 478
758 44
207 350
835 821
503 707
255 98
448 270
4 436
922 851
72 22
995 412
179 934
165 871
308 834
386 20
25 332
633 935
232 776
103 63
213 715
20 593
921 266
775 675
813 364
337 435
413 638
196 370
801 944
533 925
801 289
867 832
315 388
83 583
942 227
747 377
586 777
731 544
370 396
206 222
387 896
375 701
255 678
358 437
659 856
435 908
383 962
721 759
133 513
944 82
284 915
725 423
915 563
627 253
258 542
759 968
745 138
343 33
332 822
793 316
464 134
11 331
931 394
272 893
206 666
815 808
7 927
494 145
30 343
363 694
215 713
554 341
755 492
82 894
781 682
838 933
964 608
308 460
132 146
5 428
152 624
670 406
485 724
894 506
142 79
255 706
94 324
757 652
591 944
544 417
565 277
201 514
2 466
209 803
249 270
691 419
433 631
216 65
877 372
798 155
939 593
672 436
770 961
705 17
306 33
454 489
148 716
313 991
120 763
887 605
943 863
474 830
535 33
719 260
13 311
94 676
947 961
457 233
225 177
615 964
11 858
374 594
550 625
318 961
887 784
746 900
875 808
259 804
788 737
555 694
646 515
500 787
836 149
858 621
585 403
453 611
609 501
157 383
83 997
632 193
619 836
264 635
450 282
307 703
732 356
772 979
884 351
25 902
428 453
252 29
124 468
489 689
415 307
241 272
974 328
150 798
669 230
372 666
1000 195
393 59
485 389
217 735
588 506
223 273
321 265
379 919
397 628
882 106
706 156
648 318
166 207
105 515
288 45
352 848
807 226
543 896
268 630
142 43
364 911
56 424
717 909
242 495
726 933
731 529
914 83
57 578
545 981
607 115
496 509
110 936
246 137
325 790
507 735
143 933
725 528
163 340
98 355
780 477
853 753
526 265
451 593
549 232
577 761
71 596
760 583
150 45
71 741
257 169
867 666
709 99
710 964
583 557
572 957
999 286
610 326
141 584
589 542
715 943
439 871
244 461
323 982
180 629
417 269
271 606
129 177
383 922
441 135
927 682
627 181
167 509
171 427
355 598
319 243
836 431
802 11
824 559
695 372
475 977
868 792
775 316
403 29
207 995
557 388
911 189
879 233
388 222
864 653
702 253
761 807
272 368
929 839
549 534
273 795
237 490
961 470
936 791
122 858
255 666
437 585
900 87
269 551
709 993
340 132
631 214
804 523
967 41
56 307
347 884
241 780
151 188
632 998
429 954
784 599
862 144
957 512
468 151
469 442
146 121
663 182
649 540
47 349
395 980
676 291
288 612
239 709
511 160
4 111
22 149
631 659
763 539
329 41
572 99
573 278
996 855
170 795
410 298
626 892
297 660
600 283
842 376
222 734
387 935
267 77
361 122
732 159
295 443
703 526
599 745
391 996
820 746
324 409
343 369
681 984
888 244
926 506
749 504
971 735
789 930
948 670
719 673
405 937
997 15
376 567
12 765
731 255
203 518
789 787
973 22
902 18
579 419
506 605
307 612
570 162
589 70
828 306
540 526
206 558
545 480
273 741
950 697
311 933
351 420
996 47
321 241
817 724
2 644
45 263
899 710
555 88
762 620
318 134
674 934
549 522
425 909
950 987
700 938
186 892
317 470
943 262
446 298
428 977
144 628
454 849
41 396
919 505
903 916
852 972
924 81
17 395
239 906
810 344
942 693
883 85
910 151
38 370
5 523
409 402
643 267
911 619
224 415
169 370
409 259
550 360
537 575
476 253
166 609
708 104
672 742
322 931
400 985
336 469
148 527
735 565
300 670
941 182
379 859
305 92
928 318
126 861
719 65
671 994
370 397
810 958
44 206
486 383
4 599
125 837
272 449
241 696
955 196
461 947
331 974
894 475
791 651
564 715
46 614
750 762
417 166
882 274
612 767
997 35
301 703
488 13
57 504
129 923
545 275
424 797
308 175
661 365
593 111
579 44
156 521
837 876
364 646
419 991
403 450
851 960
928 355
473 10
551 3
75 458
976 415
404 312
269 486
852 625
191 513
393 474
584 931
930 659
553 308
695 913
867 84
341 357
217 303
296 186
260 797
355 409
122 116
827 531
610 129
991 268
35 484
584 345
60 17
671 531
377 147
128 689
884 710
166 653
211 20
432 359
50 170
823 357
111 567
771 214
535 145
258 447
316 281
978 270
745 553
534 955
90 766
418 825
421 930
7 425
335 812
943 557
124 529
361 417
197 843
110 612
21 253
25 250
548 226
680 442
510 365
594 237
421 983
98 883
172 14
394 16
710 522
744 412
101 1
34 90
107 880
369 329
984 727
72 360
823 719
76 336
792 161
205 180
669 229
485 388
290 658
502 713
694 715
808 806
536 213
96 860
152 734
887 222
834 966
270 114
401 257
496 129
904 232
541 205
504 652
584 624
507 771
499 440
123 339
105 828
556 470
677 366
915 345
352 959
459 885
334 835
887 365
910 220
400 648
736 789
878 592
57 690
580 910
531 873
946 208
507 734
41 230
694 513
562 256
729 273
943 590
35 384
207 134
909 190
876 311
793 669
914 46
241 917
372 101
415 235
110 657
222 739
120 101
818 474
379 752
236 971
76 688
557 63
120 212
992 408
237 440
567 411
881 944
147 468
901 579
149 302
685 812
301 547
51 880
638 788
908 621
591 390
349 823
775 319
216 672
87 231
471 260
630 823
596 899
208 68
171 72
264 886
391 583
696 857
436 704
198 562
90 475
790 918
656 333
946 688
235 806
768 452
364 861
554 445
528 784
156 113
716 153
717 364
347 710
994 279
577 229
5 645
722 921
467 378
657 222
715 32
508 965
787 540
813 612
995 641
193 399
800 401
735 835
495 558
305 934
135 264
255 174
438 858
295 711
23 820
541 823
432 303
977 61
838 219
400 781
667 961
281 62
779 267
212 12
893 681
541 868
382 438
367 326
191 849
642 176
220 420
243 125
334 164
137 552
380 802
362 853
181 319
883 141
907 397
765 177
56 967
954 992
676 54
208 258
299 221
542 171
409 557
30 95
158 144
683 371
704 822
134 169
997 159
891 500
951 650
157 72
358 971
31 950
113 788
351 278
16 405
820 815
899 696
460 142
812 699
691 570
673 27
123 76
323 414
34 727
143 427
19 121
882 947
722 712
414 762
434 857
790 813
955 946
777 438
528 892
94 681
207 570
891 929
966 77
126 686
145 93
808 427
260 826
27 81
461 624
984 108
13 222
130 346
682 287
996 77
95 358
457 211
80 709
409 401
62 629
688 900
452 808
605 437
307 366
601 539
539 43
727 902
174 2
965 797
931 645
401 851
418 560
787 681
737 854
633 933
631 630
279 349
743 152
209 328
178 336
452 887
14 538
659 375
684 586
798 603
62 806
374 628
802 541
322 979
508 574
257 144
351 726
996 731
244 96
45 17
46 282
31 66
452 21
446 464
82 22
263 650
909 569
762 526
135 433
254 28
690 680
128 129
572 580
385 278
800 815
243 198
872 758
980 737
216 890
752 924
306 816
360 886
669 367
547 879
877 524
517 587
868 977
158 644
200 529
385 673
88 594
19 36
74 572
221 955
20 749
773 4
242 374
152 626
762 641
378 150
144 706
825 333
809 816
517 15
131 476
574 112
579 986
397 385
36 583
712 784
881 230
776 695
772 83
645 235
499 807
27 140
389 557
448 487
726 782
892 482
58 874
724 283
118 126
815 76
618 966
507 565
535 349
278 238
597 262
706 749
178 18
731 834
700 499
3 547
41 794
659 120
922 949
232 983
913 862
770 397
273 447
686 945
311 131
64 452
652 253
693 999
608 641
680 14
735 552
187 229
466 59
875 925
861 66
371 202
957 623
407 626
379 727
361 416
645 144
793 83
956 425
281 359
727 494
432 213
326 753
241 603
67 151
831 412
341 640
694 140
441 218
722 189
622 482
915 958
94 859
993 630
209 167
835 119
659 453
312 216
475 868
133 918
924 935
447 202
916 323
497 125
670 214
934 347
846 567
761 777
463 721
85 207
213 506
74 369
325 720
674 320
436 159
652 895
79 553
184 351
627 565
59 889
652 718
498 443
378 29
431 822
382 765
184 462
576 592
478 16
67 123
855 754
35 677
923 784
459 709
387 96
508 930
986 766
204 663
255 102
979 363
628 244
808 129
956 9
153 844
870 963
321 739
433 204
179 992
793 668
461 566
80 939
844 732
67 899
529 874
841 168
291 75
484 172
334 431
889 180
50 990
705 162
426 689
337 266
76 505
375 758
755 844
507 767
480 382
64 637
84 624
103 436
768 891
989 435
958 674
794 643
450 461
486 407
453 726
72 331
63 875
600 893
270 531
994 865
958 924
502 520
57 55
755 136
523 318
651 837
156 317
638 759
642 640
794 926
830 293
405 742
725 721
462 512
166 548
960 974
708 528
230 264
731 337
626 393
620 74
556 604
86 247
786 217
539 839
808 545
825 389
826 694
341 427
325 982
677 257
715 82
273 59
660 561
776 46
744 738
114 77
148 928
330 15
882 592
758 455
889 276
464 825
174 884
89 348
52 592
398 636
421 293
740 965
363 723
253 630
878 847
383 407
795 361
283 701
286 524
933 299
975 96
83 24
943 902
196 281
583 415
749 947
609 224
617 557
64 699
232 717
81 572
177 124
50 962
662 197
633 347
561 470
844 379
231 662
988 51
25 177
745 258
33 654
675 43
107 541
997 388
167 895
561 176
393 774
945 849
195 142
710 595
971 721
453 714
258 936
775 141
154 745
125 834
767 663
716 619
185 21
811 185
258 859
778 2
267 523
988 631
349 291
310 623
977 226
798 976
503 122
860 569
188 999
726 898
522 926
65 857
711 454
327 441
648 840
856 543
798 754
288 87
380 453
492 143
647 621
627 636
666 884
21 827
189 169
796 503
190 834
982 494
415 955
462 886
640 538
58 855
539 268
359 351
930 547
454 113
293 189
97 788
467 835
321 684
178 111
749 740
115 696
701 897
369 664
830 639
210 668
917 433
144 50
785 553
849 883
176 950
27 751
211 122
785 319
392 804
249 796
12 200
88 414
404 866
25 115
410 447
999 467
840 296
234 91
514 57
132 916
684 361
22 256
285 605
651 368
928 987
715 873
534 431
920 367
377 379
254 888
493 480
845 779
495 118
522 382
940 33
730 765
803 363
168 786
996 280
7 779
444 935
432 999
971 586
475 795
849 106
760 699
543 762
592 306
734 831
460 92
557 458
191 220
678 74
679 158
973 282
557 603
262 633
468 678
142 931
270 148
586 379
811 464
248 776
959 808
707 259
47 866
138 522
749 132
91 614
437 542
540 929
549 701
501 133
113 371
946 347
899 851
300 732
563 158
412 754
17 6
258 232
520 235
231 133
838 503
14 725
752 116
382 819
623 851
37 348
404 689
41 793
44 616
338 333
448 821
516 270
576 49
44 511
50 168
914 577
793 816
692 996
315 52
733 22
590 641
426 730
712 783
395 77
549 420
607 754
627 95
651 156
814 824
671 81
305 344
399 434
99 836
211 594
858 539
567 433
135 293
29 802
51 790
706 712
642 923
314 312
206 842
959 392
891 462
394 368
432 899
52 372
863 556
621 746
214 192
717 215
351 361
518 806
218 190
934 344
259 592
955 799
320 578
76 382
161 278
224 351
424 672
219 666
557 720
799 495
359 641
420 795
581 381
810 143
574 252
649 779
321 279
207 963
506 687
293 228
991 477
459 708
995 790
942 755
965 690
767 378
24 961
118 970
858 569
909 43
602 527
966 36
783 630
219 673
516 339
445 997
120 905
874 286
128 526
440 784
662 79
311 23
923 401
121 289
603 997
469 999
846 267
188 945
318 992
135 218
764 656
694 335
767 783
591 253
849 502
958 720
975 338
978 18
816 249
559 531
112 842
667 690
48 523
251 557
361 189
513 40
275 269
497 941
872 719
33 451
642 639
885 867
190 363
67 252
342 422
848 6
441 983
5 190
848 673
320 598
711 588
567 473
915 187
335 821
207 925
206 576
445 792
194 24
268 823
693 114
786 820
471 612
676 735
919 752
611 283
786 839
938 26
5 481
412 485
201 590
810 208
282 565
561 768
178 870
35 755
398 803
797 146
957 240
333 822
526 95
412 651
440 938
387 95
870 642
380 650
3 15
98 403
942 382
141 165
93 236
360 966
250 441
527 593
415 427
760 262
12 37
505 749
433 120
241 951
97 459
552 578
317 710
709 68
656 80
788 565
918 176
222 733
408 185
617 701
104 520
429 285
146 789
788 676
680 485
720 690
862 525
332 552
655 692
837 305
95 77
632 792
729 969
767 513
310 834
917 218
407 284
228 207
731 240
739 733
920 929
906 220
798 70
67 216
440 70
485 925
124 142
844 151
772 692
242 193
812 693
100 231
318 58
414 617
169 810
679 405
118 455
355 51
203 420
952 63
809 730
113 197
118 501
382 604
817 939
288 199
52 861
311 757
353 423
939 472
299 953
193 222
308 781
766 781
397 492
291 633
576 921
994 424
374 398
356 653
667 424
285 663
451 479
183 684
22 874
566 955
844 569
362 725
922 863
373 255
67 828
981 496
43 351
417 797
644 736
940 591
124 810
493 531
344 922
384 497
927 480
468 507
434 695
272 294
419 217
281 24
46 280
253 236
509 66
76 875
996 596
559 602
764 728
410 559
139 39
712 867
305 307
159 168
608 948
76 762
572 727
210 368
452 309
312 480
777 570
9 384
444 817
595 834
431 985
158 99
833 702
270 601
876 844
439 590
902 98
997 32
629 693
206 670
299 72
318 500
102 543
747 854
198 862
766 602
522 32
545 385
48 679
565 974
541 758
845 334
562 836
629 653
765 663
436 133
955 867
392 35
411 961
160 79
14 158
821 790
541 151
999 767
191 514
145 269
490 989
198 282
668 30
964 913
677 216
53 606
112 54
221 716
49 603
605 614
261 460
334 516
435 387
184 641
641 985
288 687
418 594
491 872
867 533
481 178
12 973
512 810
50 169
550 538
827 867
816 496
180 895
107 297
269 538
20 736
994 386
46 308
811 708
975 377
44 173
34 375
107 599
200 115
390 762
770 291
812 170
334 226
266 66
659 745
767 584
152 101
650 926
204 265
11 363
124 464
911 308
129 996
224 550
427 251
447 244
341 849
432 531
233 328
418 474
976 80
588 956
868 70
315 846
501 667
657 683
252 483
859 269
184 3
294 248
833 362
227 167
321 190
826 545
573 648
170 461
55 456
528 823
804 862
568 88
532 499
505 471
777 460
490 561
962 783
925 589
914 222
554 686
120 573
35 564
892 294
72 527
714 194
477 104
978 719
16 54
810 704
80 923
740 769
944 722
376 500
323 559
662 76
277 162
922 169
810 903
466 29
110 660
395 368
793 956
576 316
120 104
357 837
931 10
698 771
449 999
164 617
379 610
876 758
254 32
756 428
172 237
963 266
347 113
868 693
6 108
959 350
137 275
500 529
68 829
482 20
604 68
626 850
20 175
4 724
612 257
958 877
669 198
608 440
440 26
939 64
759 323
228 409
265 401
194 25
450 911
661 531
864 641
683 71
797 211
623 353
95 984
61 856
961 426
838 624
165 234
826 692
701 296
703 366
557 150
637 396
321 932
506 104
108 215
622 794
319 741
893 331
887 370
446 620
213 879
771 343
57 723
4 334
890 812
107 181
605 430
395 516
279 197
601 319
602 992
732 599
859 917
435 507
847 751
844 613
974 524
733 443
2 93
809 347
258 499
970 832
480 79
960 217
230 415
547 427
288 489
295 593
297 664
617 531
266 937
212 54
753 731
275 989
421 871
996 689
870 94
410 456
653 444
803 19
381 99
435 951
594 148
940 936
135 78
817 179
638 85
430 638
620 48
759 995
315 714
80 427
627 149
693 399
149 335
495 299
764 778
780 615
786 740
966 894
401 642
374 588
831 141
561 912
800 584
854 767
949 217
95 649
740 242
890 707
217 795
345 334
219 454
366 436
78 616
229 964
378 270
812 581
119 53
215 171
679 183
61 892
298 350
429 760
321 23
32 110
757 143
563 279
401 511
674 644
514 721
23 223
554 190
458 235
408 828
763 364
616 705
342 617
181 749
726 300
387 326
473 543
4 433
706 567
248 150
861 857
876 2
580 743
488 663
326 863
864 338
352 422
79 61
887 922
301 19
12 202
451 442
434 692
715 525
936 846
371 243
796 714
174 338
379 716
867 592
245 583
104 613
871 791
305 306
825 587
127 615
55 458
525 394
479 654
885 407
384 62
718 41
333 117
29 860
820 633
384 607
803 365
878 458
413 46
458 873
954 882
684 175
925 179
780 666
785 440
337 529
812 267
595 749
375 109
216 522
326 984
551 174
365 87
129 697
928 359
69 851
14 236
507 138
743 82
332 503
80 344
961 481
247 196
342 824
123 39
91 632
274 440
811 355
523 695
528 859
393 478
268 734
442 993
990 775
325 940
36 721
790 558
38 259
898 143
334 377
430 970
768 533
740 520
56 988
473 635
388 491
978 744
216 984
444 332
690 180
508 895
36 6
53 992
900 623
634 489
837 180
13 306
969 68
165 631
796 703
35 87
862 680
646 629
59 77
10 411
367 762
229 730
115 210
329 147
429 356
310 233
319 373
893 944
106 258
141 769
405 892
464 200
944 194
30 11
323 31
877 604
853 106
77 20
918 990
850 788
501 888
1000 722
152 233
584 440
488 109
822 150
347 306
927 185
494 199
556 966
711 124
1000 200
254 711
385 642
171 241
155 532
618 554
838 875
484 989
198 714
346 873
510 956
464 276
907 914
414 678
915 127
19 178
458 510
4 934
702 85
460 288
156 211
965 888
890 477
84 404
726 79
242 488
2 981
854 227
855 542
588 955
971 5
694 98
614 959
999 627
566 838
700 332
596 269
135 643
231 346
757 830
886 82
905 625
302 3
250 304
982 609
730 717
467 49
283 997
520 200
444 455
28 646
15 808
130 210
81 608
387 545
729 672
415 215
519 733
520 709
724 877
764 658
581 36
638 175
551 716
884 107
922 328
710 731
664 831
788 119
471 34
845 209
405 912
890 970
963 154
660 154
622 556
189 734
962 478
1000 149
67 254
360 116
566 196
751 72
590 206
441 981
741 98
246 512
690 800
658 864
203 895
702 279
321 232
928 304
961 773
551 118
455 157
458 387
683 70
646 334
246 290
800 890
527 505
15 149
455 50
402 186
242 445
830 10
777 414
669 920
943 361
35 868
307 203
38 105
122 214
361 886
88 986
679 496
204 976
834 379
374 416
486 558
982 360
535 108
572 427
75 837
995 820
412 564
736 676
645 450
943 173
288 633
594 593
672 924
904 595
273 388
41 992
693 988
784 8
624 343
935 819
221 247
684 753
414 358
879 630
805 639
720 805
461 825
215 270
327 848
241 663
849 464
498 318
214 578
894 416
863 819
73 34
11 212
712 39
949 774
113 558
534 736
148 27
831 294
337 934
376 572
640 179
463 374
609 530
288 873
872 444
302 963
376 683
26 834
323 356
60 881
957 320
574 973
155 732
693 84
860 668
824 157
590 452
827 211
63 332
307 182
968 732
290 952
973 411
421 130
691 732
303 162
658 495
880 291
728 439
40 938
939 474
78 954
374 29
335 808
161 720
843 6
38 484
45 568
579 512
434 113
255 411
700 372
924 332
304 589
800 322
89 701
554 977
60 10
83 475
391 498
840 766
303 742
70 183
110 896
148 677
633 937
173 182
158 538
258 733
116 384
727 736
113 173
14 905
805 898
112 551
184 948
576 502
480 475
153 43
286 265
956 385
854 860
980 527
716 853
224 847
704 473
427 866
323 917
45 222
718 46
258 536
445 666
980 518
444 782
989 428
775 242
561 802
484 119
86 775
238 66
111 176
518 144
24 244
940 322
691 892
530 706
983 508
161 45
273 555
237 268
972 883
646 701
717 129
683 113
8 311
959 196
892 169
307 869
543 938
730 175
109 226
455 506
916 632
522 659
637 501
907 855
971 24
365 265
648 69
446 602
52 757
550 92
808 395
165 50
334 923
62 394
230 536
72 646
201 870
643 347
476 440
919 254
355 545
465 937
446 948
602 566
841 342
273 290
149 639
887 603
746 605
799 469
529 241
537 542
379 423
364 103
495 979
256 947
376 73
681 744
996 763
962 823
944 278
263 62
399 526
456 112
955 118
760 30
245 602
881 572
675 23
362 774
271 576
309 317
186 40
508 993
548 382
896 247
2 582
759 938
171 325
580 47
357 402
821 259
631 738
423 107
394 383
747 679
931 428
842 881
647 280
261 237
501 744
356 45
618 664
894 549
398 270
971 504
493 228
635 951
275 465
854 407
403 4
734 937
646 355
260 442
868 215
852 700
284 32
805 59
587 697
859 444
695 722
976 368
501 443
990 135
913 353
495 559
494 512
481 679
354 175
118 188
820 432
568 457
622 892
496 100
387 215
226 85
588 155
630 869
14 596
907 715
97 849
350 381
960 465
984 471
641 906
404 560
277 462
580 681
282 116
799 457
107 489
733 341
150 39
540 507
980 242
620 809
511 488
520 631
955 711
978 495
101 620
852 308
249 729
288 939
387 945
392 869
220 869
608 911
935 620
737 237
280 922
923 688
746 117
436 741
254 804
129 139
647 201
81 146
335 557
267 773
487 934
950 26
186 447
777 624
878 61
465 140
484 184
67 80
765 25
8 514
225 780
63 228
531 686
418 397
873 825
985 663
915 188
54 408
562 770
651 726
327 465
75 312
517 161
76 87
773 88
227 82
352 993
114 704
761 523
544 495
13 804
424 445
170 705
744 742
47 5
697 560
771 345
204 544
563 219
691 14
143 903
408 182
169 280
903 733
631 760
357 675
800 406
22 175
940 614
98 257
580 653
72 265
766 720
141 307
748 1000
349 432
887 944
933 810
889 998
141 388
202 690
957 546
249 757
140 892
257 56
132 956
774 519
206 197
542 611
210 248
447 741
432 2
231 658
224 932
794 368
462 482
599 743
193 898
54 56
312 455
276 98
764 917
158 10
471 449
772 770
241 496
827 361
11 64
985 977
655 683
57 486
220 630
600 972
698 345
812 289
760 530
9 212
138 816
990 275
293 692
971 384
240 406
88 904
26 817
812 688
708 993
257 448
877 982
511 552
94 448
153 823
708 988
27 409
924 137
431 491
804 887
734 752
377 701
259 331
959 534
801 412
216 108
969 530
986 912
787 865
771 292
994 423
326 32
308 555
147 623
95 365
408 685
664 913
248 428
100 693
325 232
2 285
37 39
3 108
185 166
690 142
175 298
583 345
168 188
496 537
908 168
987 737
595 484
444 392
392 456
675 284
256 919
550 588
111 654
391 32
339 275
177 412
620 896
519 292
214 299
244 412
413 921
196 31
215 301
271 623
914 906
538 814
44 91
617 815
764 586
836 207
893 938
436 733
419 393
113 644
902 470
299 175
712 68
803 367
931 290
458 772
223 516
280 240
669 362
86 772
275 439
223 405
595 638
726 468
289 215
255 772
695 555
110 121
937 707
366 487
367 906
264 819
938 558
195 285
511 639
609 799
578 326
923 158
216 443
658 302
513 721
826 520
848 192
332 497
156 7
378 147
855 903
126 587
308 378
648 247
333 921
27 274
528 861
565 286
588 913
551 287
403 535
888 843
669 752
568 413
828 280
607 4
679 443
903 775
889 2
469 395
259 69
170 552
853 373
47 418
568 763
611 831
294 633
942 437
304 505
552 175
143 876
774 786
80 964
500 213
504 16
984 282
947 398
84 891
693 787
111 674
148 408
337 289
708 304
980 445
658 713
953 559
370 427
991 863
965 304
128 243
760 910
816 160
836 35
764 222
710 524
257 258
902 434
336 261
937 436
376 777
414 232
418 247
220 655
294 386
96 389
853 563
211 948
656 615
515 243
567 339
663 892
261 236
545 305
621 742
124 66
401 473
254 709
475 744
497 112
298 99
462 918
229 905
30 698
950 635
934 933
31 118
226 641
427 410
990 824
392 4
222 365
70 408
823 261
317 423
70 673
731 761
736 973
199 71
660 683
240 188
293 398
921 877
60 399
598 139
981 113
378 38
985 118
700 735
402 374
41 462
886 182
118 44
688 867
670 663
624 865
56 497
625 184
921 655
908 899
710 371
48 198
511 36
779 950
373 3
527 968
879 777
865 363
649 634
782 702
680 64
629 99
885 9
98 749
942 64
429 19
36 139
37 606
149 884
520 632
922 180
617 564
337 325
193 880
966 341
419 146
718 474
956 475
280 876
945 78
533 847
468 899
186 90
573 606
153 403
797 586
966 631
492 830
1 71
828 524
812 137
505 785
309 385
476 662
688 22
561 792
484 185
551 957
309 50
369 367
920 73
284 752
391 556
280 35
716 723
932 784
452 429
934 133
714 99
159 673
536 136
648 962
21 576
777 162
275 205
167 363
601 983
674 925
626 386
928 16
714 545
114 705
155 875
790 547
83 626
523 753
766 789
400 296
808 437
695 983
197 589
593 629
387 50
481 307
298 754
189 818
790 468
919 176
119 561
666 721
987 791
434 941
182 567
155 805
2 518
439 13
44 451
886 350
465 658
381 374
266 965
784 10
585 183
720 904
314 969
480 49
906 565
615 5
463 296
236 918
750 612
752 49
686 208
954 136
537 96
461 904
519 783
755 988
187 750
205 387
298 743
495 281
926 509
160 524
633 786
966 994
685 778
546 176
507 276
966 893
609 528
204 332
676 615
152 463
171 29
501 830
593 890
176 501
109 329
919 818
665 663
635 897
7 936
554 377
173 957
177 878
198 528
859 374
648 845
483 74
18 61
146 6
293 501
541 914
811 376
61 889
818 532
359 628
553 705
848 771
867 33
705 910
703 399
140 511
469 261
345 270
496 429
338 576
999 949
531 359
93 298
274 644
113 436
27 964
658 798
472 309
36 926
183 729
526 603
459 529
818 48
960 21
326 195
934 514
205 914
576 42
261 896
540 397
814 212
482 581
301 511
42 435
23 854
228 708
230 446
864 452
572 909
205 756
645 855
816 423
512 218
656 432
306 633
948 952
292 932
101 308
391 944
267 110
585 511
767 963
237 692
842 534
298 584
741 740
63 968
10 196
266 170
129 654
660 382
536 260
112 918
452 320
293 964
936 653
599 1000
869 372
855 66
124 456
716 644
932 985
519 235
703 926
521 167
744 325
856 831
600 937
688 78
243 411
25 716
265 93
445 135
450 67
821 112
94 530
403 459
77 800
815 534
5 441
397 729
157 786
937 508
812 548
264 18
318 165
66 130
130 615
811 356
502 957
632 839
77 673
527 160
643 447
403 534
478 62
995 912
999 584
784 519
341 366
566 889
164 489
239 951
420 883
424 118
441 544
304 668
800 241
123 682
108 190
970 161
2 335
616 633
526 394
583 175
473 632
992 984
848 875
518 798
248 312
410 75
608 552
218 940
250 774
481 182
980 216
274 513
804 14
698 521
92 488
370 710
741 981
443 126
533 953
220 68
650 615
889 787
232 522
414 488
451 296
953 558
58 394
296 539
225 427
263 73
876 654
932 648
384 110
405 776
207 599
215 161
767 628
737 417
665 444
388 573
685 961
87 107
90 829
741 763
94 861
583 967
848 353
885 650
708 245
821 434
548 606
683 433
208 95
855 215
198 702
384 682
934 183
262 719
348 270
214 273
695 703
26 886
541 85
925 438
564 234
89 142
17 665
847 837
938 35
260 75
484 681
38 285
108 365
625 93
660 692
744 893
850 830
543 793
408 968
208 554
687 962
763 184
766 841
359 269
342 549
473 954
330 21
994 108
978 937
942 756
429 991
529 433
433 484
72 676
704 680
84 75
879 776
737 807
306 819
386 37
284 632
705 257
27 829
11 656
491 840
371 398
226 407
83 2
249 878
654 629
770 78
664 757
292 798
221 144
757 462
28 816
903 680
414 265
288 941
435 814
538 69
210 18
492 936
453 446
58 430
760 60
45 228
284 956
84 638
324 429
231 590
489 379
166 495
955 370
538 662
580 13
525 956
750 693
716 637
54 380
730 654
122 686
30 501
911 276
324 722
533 258
833 552
725 618
691 950
983 422
61 310
332 84
207 920
985 262
358 768
881 501
740 56
133 150
778 733
47 944
657 548
325 702
645 11
829 766
385 909
523 611
838 628
17 278
258 65
401 119
700 525
312 822
702 438
460 470
449 345
672 22
494 226
53 609
288 414
829 49
206 412
915 164
532 864
442 574
240 465
980 50
247 717
469 563
24 914
960 174
836 529
374 752
749 540
71 560
992 895
314 871
210 103
712 765
250 676
755 641
332 726
116 77
229 298
176 938
430 531
313 320
989 352
883 229
521 810
371 57
760 301
471 82
863 828
511 540
849 358
371 934
614 38
432 701
31 282
470 814
238 314
465 238
85 589
33 482
217 637
772 343
674 109
927 621
916 402
255 636
488 311
414 963
811 93
995 264
632 590
91 995
511 554
57 908
954 559
494 476
687 567
542 366
265 258
85 129
838 961
731 691
431 36
294 919
668 128
154 797
955 43
472 105
861 657
364 975
660 620
334 787
955 901
999 551
657 802
839 62
307 89
34 350
803 168
178 150
307 454
511 110
94 2
995 853
72 764
678 346
681 70
274 532
758 84
249 964
467 125
70 170
108 367
950 226
870 909
359 136
733 411
148 535
476 100
81 540
559 623
76 785
51 655
280 822
23 966
102 69
166 970
711 206
979 869
287 866
111 878
186 19
849 305
315 381
617 813
443 553
379 558
713 258
881 231
354 864
410 714
416 387
234 502
162 123
868 841
484 114
177 606
380 35
971 576
129 915
683 340
719 562
479 825
992 387
33 127
768 246
773 363
99 746
890 739
341 809
930 342
513 678
398 416
20 466
373 632
962 39
229 996
402 334
584 717
921 998
39 359
422 117
462 858
159 926
123 731
285 680
963 544
359 667
145 161
991 86
522 354
948 315
531 277
515 760
347 948
412 667
272 888
173 612
781 357
548 437
416 523
648 422
832 131
575 629
321 793
446 955
325 202
736 623
992 985
535 459
403 868
170 953
227 552
800 464
16 463
54 523
308 815
516 500
336 812
499 360
961 579
68 499
698 534
463 370
617 110
864 481
58 280
422 777
847 24
244 67
101 454
159 250
641 367
571 234
421 827
330 98
229 354
600 586
686 576
182 56
718 158
849 285
471 439
447 396
341 649
766 170
517 758
93 516
132 660
573 794
335 471
821 980
267 875
470 854
446 206
310 783
385 484
719 609
229 213
637 56
313 138
800 628
945 637
282 42
507 76
704 996
319 821
214 53
566 286
594 14
108 294
20 502
777 21
355 993
170 438
249 471
981 910
303 246
820 12
308 890
330 816
256 691
744 894
265 683
412 270
816 782
735 32
368 82
328 457
28 620
869 938
247 970
179 90
566 858
32 599
815 105
174 867
982 522
179 25
22 93
788 826
227 759
446 855
770 221
533 649
719 370
41 895
926 952
339 126
141 268
605 359
328 493
643 86
257 823
828 458
583 432
652 111
689 779
451 374
898 171
245 650
357 832
802 975
917 736
871 859
16 187
417 260
881 991
111 934
438 434
332 913
763 669
871 936
267 400
244 212
38 711
684 201
917 192
811 965
573 830
333 57
190 386
524 902
191 337
578 635
428 418
267 996
640 90
289 44
243 421
225 882
392 307
412 174
803 519
525 98
704 960
100 201
691 550
643 843
882 903
968 301
692 388
126 984
473 74
117 571
777 386
781 634
892 323
431 65
972 235
427 685
892 434
948 332
319 557
751 633
132 982
494 658
501 190
269 8
735 917
645 445
154 376
670 768
785 42
612 769
472 220
723 930
870 535
339 941
235 12
805 136
473 695
991 733
832 122
173 334
672 723
547 449
951 355
348 980
629 69
116 424
153 162
122 891
942 98
926 551
286 390
775 932
948 823
418 774
898 28
827 174
311 113
137 886
300 230
463 298
512 902
879 626
491 597
590 707
202 512
629 871
637 700
659 838
825 422
148 193
644 174
962 749
820 755
547 29
31 372
238 328
664 799
168 686
291 689
560 827
99 137
850 841
355 637
410 870
910 919
363 934
34 922
399 150
49 940
25 581
100 399
711 665
215 846
773 374
850 619
545 511
104 89
303 328
80 597
716 471
113 110
39 322
355 57
998 797
160 57
179 327
786 165
756 407
240 375
347 653
388 473
587 467
551 372
41 507
577 217
833 119
216 388
527 255
456 525
398 944
170 563
675 594
785 22
660 831
39 791
28 548
66 659
268 123
325 102
698 640
672 767
662 926
793 861
666 469
776 525
852 504
780 109
746 275
586 172
349 258
900 918
922 234
83 170
505 636
555 836
718 272
244 415
372 212
500 769
693 734
824 803
207 887
42 928
903 23
300 488
431 886
242 859
560 188
319 173
971 754
309 455
917 248
721 911
794 629
157 179
584 385
289 123
884 482
858 211
228 463
161 402
83 865
686 904
948 119
587 657
30 476
493 942
666 800
133 237
317 384
989 734
506 459
22 145
920 639
460 392
798 608
857 36
865 753
703 429
227 508
355 307
598 221
268 682
415 533
554 159
666 629
646 250
873 829
888 746
697 621
594 755
101 769
410 38
691 75
620 35
503 697
235 71
255 8
593 861
465 574
232 991
46 287
582 18
448 732
201 68
844 938
222 978
524 805
272 233
845 740
899 276
22 453
745 528
671 824
802 569
362 96
292 843
629 863
414 135
599 571
516 841
978 725
437 338
816 163
376 922
603 301
280 160
753 288
618 482
285 465
233 896
751 194
593 160
78 280
595 942
525 999
587 974
842 893
314 434
78 395
9 128
1000 205
48 746
195 365
678 618
181 898
558 33
5 212
618 535
184 9
972 994
406 920
636 87
194 446
986 130
146 61
679 229
186 842
795 936
613 865
714 520
217 112
994 264
62 328
588 944
554 224
22 970
562 727
57 906
178 204
341 256
1 845
143 574
627 859
477 832
577 50
631 867
527 932
514 517
307 257
455 649
166 452
779 939
799 548
785 222
179 891
254 285
736 524
150 72
818 30
69 168
128 662
550 681
421 619
101 519
107 378
89 923
92 462
611 570
405 487
562 234
46 491
949 666
239 510
561 418
10 440
284 783
803 125
692 716
37 701
521 780
849 495
769 226
64 629
998 200
946 14
782 120
820 427
641 402
918 973
885 763
689 288
798 194
671 336
34 119
243 311
206 681
377 873
102 590
216 681
113 871
55 604
377 519
636 405
577 138
32 267
831 387
241 187
664 843
713 285
949 481
933 556
437 701
852 732
543 985
717 982
887 124
565 409
891 47
431 64
914 26
200 926
455 446
60 430
430 264
882 761
26 413
962 612
625 345
592 430
709 521
545 632
895 210
370 104
245 41
62 721
799 536
256 958
287 308
571 617
58 524
295 873
888 723
841 227
996 850
790 164
10 634
196 257
606 844
864 315
832 793
83 145
966 692
988 148
22 380
426 669
962 891
194 657
797 342
689 98
85 873
803 486
876 720
552 678
777 519
650 287
210 278
851 543
368 866
333 476
564 616
216 790
159 608
536 457
384 886
132 508
388 902
523 197
906 199
417 855
342 453
426 96
318 82
104 90
468 539
933 639
271 120
311 959
574 867
119 130
412 34
346 810
420 533
946 899
660 228
170 508
319 733
752 388
513 634
844 108
773 952
49 854
356 598
308 273
670 176
787 337
522 587
887 447
156 989
938 795
245 235
248 577
882 666
172 910
438 392
9 630
982 563
867 489
990 222
168 17
304 465
286 705
831 943
813 720
351 657
865 1
561 264
527 645
31 164
508 567
969 35
54 847
372 928
165 558
25 123
867 732
83 173
908 394
515 69
713 38
418 922
738 595
866 540
172 397
764 727
339 388
604 392
440 557
685 269
158 987
841 731
534 278
257 314
560 189
870 350
817 290
985 896
495 181
552 529
458 768
204 284
591 464
962 400
102 647
985 561
396 826
384 850
756 640
793 442
617 782
962 259
411 523
459 75
220 965
25 721
726 347
433 928
215 706
381 566
113 952
367 519
83 807
764 121
976 762
271 205
282 222
242 367
425 149
533 980
449 15
657 994
855 899
90 267
271 370
424 347
126 971
929 758
35 803
970 458
277 866
613 558
743 755
257 670
460 623
235 937
678 245
865 466
538 424
22 777
61 237
465 940
407 961
781 244
303 784
822 992
701 957
192 147
533 740
149 747
278 961
300 905
488 761
107 401
469 858
718 595
775 760
542 669
154 194
749 55
819 716
180 838
418 847
366 617
332 649
594 820
22 437
465 360
387 177
727 624
528 74
138 664
10 276
963 390
447 313
799 20
936 760
883 223
557 98
278 525
327 932
495 545
849 172
975 612
394 779
814 546
138 3
871 535
253 348
99 554
1000 191
447 108
584 446
33 424
629 658
78 392
371 702
635 989
319 934
327 347
698 285
720 189
995 501
337 643
533 209
481 303
139 44
630 707
830 385
8 472
765 692
342 239
824 90
921 713
972 114
960 618
209 602
691 746
639 736
821 883
236 181
329 621
645 165
151 828
963 542
144 950
930 717
454 151
420 771
338 628
155 86
191 700
188 501
455 385
554 880
829 42
288 430
127 131
615 686
601 292
352 262
987 959
619 184
891 575
692 516
269 853
605 630
933 318
595 307
575 841
529 865
783 796
258 409
747 173
324 138
508 639
96 121
336 552
443 268
708 272
98 954
871 853
124 702
487 588
751 259
736 56
822 740
519 505
647 196
443 490
119 629
29 877
858 455
181 338
953 305
501 949
695 329
986 466
879 141
437 410
919 810
456 582
778 486
928 455
216 601
587 634
180 444
787 396
272 975
347 389
950 291
939 214
484 761
855 986
189 156
761 964
928 20
967 141
326 287
643 619
626 273
225 890
207 552
887 474
637 991
973 653
387 54
273 549
668 93
264 267
302 327
807 522
190 536
677 106
808 215
149 577
921 536
874 600
782 751
258 91
98 282
973 924
875 62
111 512
148 638
404 992
206 300
164 828
616 850
374 614
790 20
996 52
957 573
210 98
62 899
49 32
909 954
967 926
861 385
510 241
918 840
617 677
376 245
374 768
864 26
827 398
557 25
867 897
979 827
690 698
485 14
177 341
713 363
813 192
551 972
51 854
893 227
750 340
253 260
328 677
366 93
369 271
976 241
921 211
544 981
621 537
364 518
461 456
912 920
324 576
200 590
47 939
647 748
85 285
86 78
536 791
644 338
78 738
947 735
146 2
981 68
963 585
782 143
587 469
588 106
200 955
757 557
451 323
257 43
155 295
484 471
221 736
517 307
946 614
49 567
14 343
92 627
532 656
862 123
853 348
1000 992
930 983
204 787
357 706
619 243
265 812
308 854
203 19
31 790
876 369
128 607
625 567
799 952
258 430
835 627
547 332
694 493
80 486
662 15
370 561
700 630
461 838
922 232
62 346
338 19
747 373
509 90
148 368
665 138
104 620
67 352
591 189
797 526
564 815
746 182
724 998
419 396
133 646
741 369
559 832
103 580
414 241
971 756
453 661
113 716
243 321
46 988
267 977
548 550
699 946
186 739
356 55
998 578
360 178
753 397
475 643
328 687
647 323
526 560
513 699
57 231
719 27
173 925
564 274
583 726
195 657
308 464
458 453
773 10
317 414
344 484
114 690
373 871
636 787
673 287
929 757
240 228
593 544
596 385
958 360
890 162
799 812
340 199
566 893
293 247
666 627
630 160
465 786
1000 589
758 493
280 92
813 529
904 819
980 6
84 51
891 677
123 543
454 485
383 449
906 128
945 490
378 707
931 683
45 258
150 29
390 524
690 62
710 69
417 674
14 315
382 26
58 692
849 743
194 987
871 82
287 45
514 99
450 369
776 698
318 973
121 509
304 171
488 920
768 635
842 423
720 739
991 377
68 681
116 128
228 986
470 907
551 694
985 551
475 35
147 339
228 937
519 37
831 279
64 777
124 377
877 597
380 979
180 298
955 584
774 12
116 580
410 959
858 181
345 286
473 580
366 388
298 108
6 309
501 611
837 821
972 28
762 568
512 822
825 980
123 14
530 450
647 581
445 237
314 749
981 574
494 522
904 98
744 865
84 258
344 111
145 130
109 849
613 577
448 477
781 309
527 817
256 980
652 550
767 365
307 259
382 965
532 840
939 710
690 192
35 397
594 523
93 159
365 666
850 506
957 310
654 462
787 747
224 193
830 667
478 602
886 375
11 741
547 439
108 624
552 31
420 343
793 795
63 729
942 180
804 189
914 813
132 966
918 173
996 645
562 6
609 444
594 168
342 525
230 164
585 443
412 219
716 923
384 78
718 249
42 614
314 131
722 4
832 588
735 724
47 320
826 38
516 958
650 456
299 234
176 383
73 969
651 417
312 991
29 910
985 616
358 986
507 508
842 927
152 359
81 455
7 987
543 677
964 398
638 765
821 3
513 882
454 564
146 381
361 261
868 98
688 504
856 618
229 936
700 811
705 667
333 634
501 488
839 304
108 318
109 19
865 861
493 884
846 648
868 813
951 779
373 863
193 201
53 621
614 296
518 553
762 929
653 782
359 301
51 68
937 107
299 882
589 587
875 275
503 754
472 350
245 55
11 547
528 727
714 524
490 334
564 258
438 934
704 8
960 162
13 482
789 385
862 329
685 304
297 631
671 877
214 776
50 873
732 845
839 555
935 808
82 150
840 310
605 106
182 197
318 901
817 90
525 361
908 375
33 555
346 466
104 688
702 879
594 140
673 635
431 863
785 661
471 110
38 663
440 642
292 611
209 59
466 938
234 414
348 394
96 467
868 849
651 957
701 618
447 86
964 204
327 764
642 600
294 463
115 350
871 687
327 653
243 386
491 481
425 936
592 945
989 849
262 651
302 676
673 16
516 792
492 370
845 306
900 211
363 487
644 461
95 36
61 884
668 156
229 686
821 938
736 906
388 363
959 540
415 562
278 366
260 813
761 267
135 704
381 328
362 454
991 685
76 442
965 770
268 118
684 942
480 244
875 29
178 327
822 774
36 121
381 231
455 881
629 38
645 705
541 784
656 38
34 105
992 142
700 183
828 380
153 44
779 288
671 982
250 708
750 821
110 596
395 879
374 145
438 95
976 658
168 623
362 813
572 744
557 124
158 985
984 832
159 288
327 962
336 385
64 814
855 488
630 936
225 733
907 307
779 38
341 979
180 343
208 104
766 147
302 998
263 548
565 932
142 655
803 627
74 833
91 805
313 227
65 898
919 84
142 830
234 807
181 988
773 248
479 219
890 894
948 114
416 67
769 577
11 635
242 365
80 336
765 543
694 517
960 703
123 323
491 295
990 783
204 896
557 900
49 961
800 135
24 365
970 347
643 307
633 643
699 544
505 112
857 971
71 321
780 496
98 481
814 283
175 359
802 664
986 656
341 780
28 523
839 973
455 964
379 898
512 851
862 257
629 58
166 776
93 973
280 790
596 790
380 671
141 599
70 455
201 308
667 563
585 414
237 659
54 75
534 321
955 252
601 952
406 515
400 434
426 833
31 329
152 716
171 442
137 766
547 574
855 396
342 289
343 216
788 443
366 171
441 80
918 706
797 307
428 442
655 917
553 823
271 924
733 577
938 379
405 614
94 479
410 972
506 665
413 443
200 568
648 556
318 104
981 680
787 483
865 967
19 156
593 464
886 639
668 294
137 186
580 404
360 845
179 275
109 46
169 873
964 728
327 112
618 824
807 770
901 201
873 642
490 550
611 18
313 699
504 630
302 297
69 750
862 161
922 762
779 863
856 122
841 490
680 808
588 657
44 695
779 940
942 360
583 142
75 959
408 538
250 427
268 62
71 587
792 523
371 405
386 398
945 358
653 173
893 552
629 30
865 698
426 789
784 288
796 667
31 126
48 254
158 887
128 806
36 407
664 920
223 791
98 952
542 921
618 35
581 957
219 148
366 869
515 621
816 66
358 761
305 451
125 194
312 417
310 892
573 826
977 465
344 887
68 806
841 610
695 331
937 867
534 591
115 325
959 470
160 964
774 629
717 96
294 307
833 547
601 575
104 97
86 945
839 65
750 408
241 184
171 213
838 847
621 341
712 463
368 261
954 532
575 100
687 542
320 440
514 928
757 678
265 378
492 45
274 504
518 671
340 137
269 484
844 297
204 968
260 842
388 263
1000 631
819 221
675 989
914 315
336 267
771 350
679 633
807 516
39 926
689 761
644 871
631 753
979 272
283 281
856 197
199 613
353 93
136 549
585 794
913 787
491 811
371 369
135 786
781 190
578 550
162 684
948 819
880 985
903 265
249 766
635 277
814 894
731 32
35 459
29 847
836 97
479 999
181 180
591 505
258 959
902 124
261 268
65 667
111 166
483 480
531 610
125 855
369 269
354 699
890 857
12 833
588 416
368 579
60 777
721 65
81 290
209 218
651 666
356 236
263 592
692 326
124 128
683 324
199 342
38 848
440 63
294 174
316 594
616 56
688 485
636 43
86 76
106 988
958 16
513 370
906 439
617 200
750 150
623 396
972 180
520 269
830 185
286 923
892 466
18 985
368 158
369 939
79 704
779 790
193 325
1000 595
32 837
809 115
956 998
26 367
28 433
731 882
518 22
933 402
476 323
904 744
176 527
835 944
675 551
948 753
498 789
809 301
295 782
135 993
193 528
202 334
760 300
743 29
750 843
549 292
330 490
439 156
991 979
838 318
424 582
992 126
260 751
358 423
949 576
736 115
367 479
59 774
285 344
685 447
106 279
197 636
716 988
312 490
534 277
171 337
11 232
12 519
569 710
457 780
168 797
426 289
869 27
268 161
871 637
848 266
388 869
232 127
86 910
309 229
312 183
313 226
886 737
775 392
917 316
713 113
602 523
692 346
473 484
848 40
373 579
911 105
750 195
346 781
165 375
277 909
631 196
136 67
355 89
119 16
378 154
288 953
920 579
613 730
32 131
360 624
118 670
134 860
526 114
253 238
883 985
754 499
592 474
520 7
79 676
227 369
669 634
408 656
797 940
248 463
32 976
520 271
878 931
862 484
849 827
297 428
447 870
891 532
806 264
257 814
958 481
353 901
83 108
766 275
733 506
736 322
22 473
25 427
577 662
318 864
858 861
849 566
185 557
2 909
115 812
150 381
558 110
797 974
817 16
582 272
409 801
419 332
331 936
704 398
125 76
197 975
219 139
137 620
747 625
474 503
986 979
646 799
708 108
163 871
765 13
124 379
468 959
501 847
67 13
894 706
471 375
254 637
648 606
43 20
150 808
855 237
930 260
470 53
878 182
145 770
720 176
209 445
108 581
20 499
60 672
117 945
834 987
172 726
178 535
414 687
829 724
332 268
433 675
437 583
956 729
901 200
778 517
618 836
473 787
610 852
113 276
187 525
40 776
30 889
344 224
148 912
723 540
26 308
725 246
266 51
265 904
549 952
36 845
936 435
810 404
853 274
268 424
344 830
294 678
463 63
525 16
212 14
433 248
589 861
718 515
595 308
942 75
123 795
842 231
590 633
542 764
465 312
46 495
196 440
12 709
850 173
686 191
465 329
798 405
999 268
594 206
7 17
979 800
467 149
343 409
702 704
774 317
922 448
67 459
565 584
50 647
548 410
534 733
702 548
684 74
63 159
90 795
742 699
237 920
733 563
901 711
997 110
780 708
11 557
760 766
725 628
963 931
582 843
60 725
276 906
992 571
206 591
320 522
449 426
947 599
910 329
697 124
990 539
627 767
699 730
136 140
778 711
545 48
180 221
900 182
83 906
869 387
122 876
801 287
810 199
652 215
925 694
566 648
425 908
598 281
486 551
182 748
992 696
772 174
188 437
249 65
729 207
13 62
735 801
904 717
944 906
905 660
650 884
481 135
335 36
358 207
89 586
534 202
706 971
63 429
182 296
664 727
407 601
324 233
92 93
86 6
956 502
289 647
884 80
759 836
851 265
618 4
690 697
73 649
239 252
209 57
779 117
604 198
716 520
60 677
590 17
768 312
463 561
693 264
574 517
24 225
862 726
872 421
95 843
416 347
470 2
354 555
1000 9
263 595
234 705
915 224
359 911
101 589
807 999
518 350
316 962
243 674
924 129
601 820
806 158
570 633
554 386
352 790
938 997
911 810
680 564
806 52
94 234
522 631
445 388
801 404
549 798
493 632
580 932
100 558
84 171
691 453
723 980
80 690
961 863
486 850
657 70
91 615
511 229
451 283
316 501
11 577
586 503
71 637
53 914
516 286
760 446
903 590
218 472
802 703
783 800
515 94
858 700
112 449
499 32
166 738
831 824
523 690
73 506
864 475
936 824
482 558
634 701
777 493
143 551
988 116
699 11
561 494
724 942
637 347
49 210
432 38
292 562
979 728
251 625
837 339
759 985
889 715
161 218
380 970
622 564
993 613
669 354
707 179
547 794
87 205
180 337
6 445
172 25
85 915
154 572
626 144
76 177
850 584
418 92
566 308
769 726
990 576
99 353
691 613
215 149
270 96
437 753
298 169
523 592
356 487
838 551
640 724
539 454
743 670
528 788
548 361
821 908
579 533
40 911
830 858
155 78
156 829
868 737
674 702
566 880
308 608
95 312
524 624
852 869
353 808
183 406
179 245
65 354
3 35
956 907
505 487
108 196
741 408
574 441
11 621
508 881
511 366
595 283
135 964
562 112
637 940
893 514
426 881
225 194
733 106
591 479
284 800
22 312
335 931
410 534
487 548
917 69
557 94
775 43
529 709
548 359
789 123
93 542
268 400
461 218
101 804
137 764
64 780
86 713
470 872
750 372
309 38
114 190
793 489
426 258
82 672
658 809
437 386
713 330
336 27
561 982
47 583
622 201
163 654
256 508
243 636
831 71
648 270
29 201
930 372
712 548
455 179
624 556
234 936
576 655
207 675
703 238
282 534
877 39
970 411
109 189
146 73
627 512
386 760
888 768
303 109
964 873
198 381
825 485
312 656
520 85
460 568
83 719
88 119
201 696
239 976
991 449
723 543
316 95
245 175
65 345
304 703
781 131
70 970
473 556
628 992
684 850
666 709
848 736
830 592
946 85
50 30
857 854
931 763
272 44
18 704
771 2
996 979
727 861
780 419
339 245
486 68
323 561
533 629
311 931
790 12
331 873
334 440
563 642
865 243
251 135
625 845
771 945
721 526
757 376
618 158
121 414
795 638
451 269
127 592
789 189
917 488
978 6
870 56
765 206
196 95
901 548
295 277
794 660
708 50
474 456
168 839
775 156
104 837
506 985
487 814
823 688
238 400
510 661
741 990
538 512
868 783
190 279
707 139
66 257
873 151
926 171
626 841
418 386
806 45
61 538
583 629
693 213
109 494
555 220
294 128
381 339
9 48
748 715
160 164
180 47
695 664
790 928
772 363
664 372
503 139
227 93
599 493
584 922
804 939
861 646
994 297
783 70
235 855
880 384
952 781
762 505
75 238
813 948
49 527
657 200
469 474
934 828
826 925
776 170
407 916
362 481
344 876
884 47
449 229
550 383
704 11
176 756
818 63
158 548
880 844
393 602
884 780
443 78
904 556
83 39
249 787
819 667
692 651
70 355
879 523
845 679
59 30
386 290
135 157
28 787
253 220
89 875
680 322
419 182
934 102
666 157
637 694
585 459
358 343
572 711
210 128
46 746
437 183
239 255
168 522
975 683
797 727
176 143
897 225
243 361
6 71
941 664
285 404
33 507
640 141
125 853
366 97
242 19
264 689
686 660
87 153
95 297
347 372
609 921
566 306
996 79
86 390
561 542
402 356
587 538
114 424
131 425
946 470
502 771
229 969
30 762
379 52
877 973
90 385
825 210
437 668
351 58
902 958
820 341
7 165
269 499
866 401
846 747
354 253
249 401
907 805
970 467
536 569
782 963
539 362
113 511
677 296
273 18
689 650
230 618
286 808
951 526
865 457
761 264
120 640
744 602
781 203
141 108
476 349
630 122
176 513
502 489
519 1000
810 764
559 411
103 47
953 824
59 205
271 794
448 964
603 904
754 992
123 601
775 800
174 345
693 695
732 195
269 635
733 182
456 94
702 959
576 383
461 979
577 938
250 818
935 559
367 473
501 891
561 126
279 791
980 640
674 311
965 468
824 664
567 416
43 268
355 526
450 262
500 992
133 787
797 300
745 11
157 141
125 889
661 269
974 380
172 974
507 441
61 578
354 460
725 929
82 991
468 580
730 915
90 498
734 955
534 855
942 804
265 470
530 474
179 312
146 467
421 219
114 351
77 681
854 99
674 989
847 798
411 74
378 11
105 390
387 375
94 199
919 274
722 960
448 501
32 244
985 146
568 422
274 337
807 633
739 415
728 943
356 853
748 215
457 212
247 541
801 657
252 885
495 519
631 699
999 183
362 328
608 544
202 273
580 718
728 820
28 693
323 575
395 154
641 611
608 671
439 77
222 615
154 207
27 631
182 273
813 465
64 752
429 456
603 517
806 922
453 450
515 347
97 376
116 140
119 767
49 253
379 594
324 433
841 873
492 979
632 98
140 611
698 85
115 897
890 957
233 906
604 143
163 595
557 383
831 352
688 242
542 237
247 377
107 707
466 512
152 271
996 176
635 976
891 330
447 248
983 410
92 442
34 847
56 235
937 550
275 75
976 76
445 775
997 298
644 443
185 314
114 496
730 230
217 969
467 529
17 290
291 735
492 196
19 300
807 831
494 526
121 478
635 28
598 128
49 73
982 291
255 359
915 358
536 625
360 908
37 8
216 45
897 971
383 131
277 754
409 426
352 225
430 464
583 250
343 881
235 904
553 35
833 248
205 880
421 307
961 774
46 160
411 485
361 562
931 762
624 120
473 604
257 927
404 602
146 830
408 541
969 412
995 624
429 10
452 957
257 185
6 540
813 420
923 620
176 823
269 562
55 97
131 529
480 413
634 754
29 582
604 396
864 115
591 192
987 383
770 283
771 622
96 348
372 441
942 565
121 767
214 428
880 248
972 632
716 883
134 45
889 642
677 925
823 691
347 250
538 513
501 801
747 893
720 271
904 454
850 638
471 650
493 78
756 628
740 81
1000 446
346 848
846 541
540 728
192 630
798 640
895 644
751 672
679 135
826 713
26 709
703 269
411 901
484 629
179 481
240 209
293 425
597 251
355 224
981 28
359 728
325 984
274 262
459 782
153 623
260 821
355 369
304 717
583 73
752 203
143 536
114 898
190 489
717 648
287 306
15 667
187 358
627 115
386 176
315 26
888 328
852 483
124 906
841 118
992 230
520 541
580 405
598 842
487 649
128 918
348 241
205 344
462 121
390 490
229 338
457 607
363 68
759 838
674 272
215 240
141 749
975 528
134 126
797 726
120 366
451 6
626 904
58 172
811 806
958 987
708 166
696 550
882 369
355 755
184 758
402 864
132 468
631 479
864 714
939 152
578 376
227 154
502 768
912 812
674 839
803 953
748 959
251 241
369 846
631 146
835 633
715 159
695 925
601 544
522 629
49 985
231 433
269 212
252 908
364 86
844 328
527 626
654 249
982 730
343 840
400 156
659 320
831 977
141 107
658 791
198 100
205 824
611 781
559 53
441 823
395 881
733 403
607 494
295 664
537 729
797 886
317 652
435 705
794 440
978 429
634 699
687 439
266 881
685 305
529 957
125 308
110 600
438 83
918 873
352 144
975 360
813 125
457 635
703 594
760 124
409 760
730 604
432 183
306 848
570 389
662 477
298 704
872 741
579 163
507 346
401 713
149 375
333 506
158 255
180 339
966 854
474 48
989 751
422 304
168 943
686 689
727 31
360 183
865 85
261 812
744 221
851 867
178 671
711 523
747 978
715 573
843 659
700 888
863 732
954 600
517 249
262 619
895 719
454 899
790 873
520 349
313 449
207 713
679 335
312 775
504 751
636 808
564 61
412 290
394 789
572 899
236 222
57 565
388 331
491 599
863 144
847 575
204 531
151 244
390 852
817 529
636 526
31 578
731 802
680 816
998 65
511 10
991 380
357 656
305 829
861 508
400 23
862 491
295 862
743 348
746 576
469 755
201 77
808 35
410 195
853 605
140 984
468 445
40 348
228 737
245 269
581 163
437 976
590 659
521 904
888 495
818 294
68 153
315 319
271 548
475 137
37 642
976 626
6 851
86 307
409 811
375 656
628 35
669 826
881 811
54 79
456 202
20 971
93 747
872 690
466 991
908 296
306 884
292 679
79 501
868 646
870 380
894 374
767 716
474 101
313 33
621 587
854 222
806 125
433 597
884 479
962 353
33 19
25 695
243 17
911 217
181 828
440 250
369 52
42 82
759 483
800 874
29 376
35 652
252 359
327 119
477 518
539 567
541 221
854 140
855 302
456 799
40 990
294 983
819 876
321 939
104 453
964 875
400 454
293 5
8 139
213 862
1 838
403 938
667 393
886 63
302 156
395 586
459 579
373 9
988 506
295 834
685 438
871 399
842 147
518 327
22 848
184 793
884 810
253 837
823 345
236 533
899 377
598 581
462 243
193 846
399 710
646 589
336 558
408 171
375 711
475 149
42 976
776 810
735 975
824 738
289 93
879 324
334 203
381 180
807 440
275 283
86 747
379 351
859 41
835 83
55 548
191 36
781 19
199 473
272 950
147 194
243 429
982 128
12 808
17 594
753 328
151 523
583 516
143 423
972 61
317 336
635 221
87 586
470 310
271 259
368 392
921 934
578 55
320 299
545 166
428 990
929 711
752 494
164 628
476 678
991 1
26 629
209 713
193 204
679 851
610 887
611 50
244 553
481 329
62 510
501 134
913 100
184 616
135 731
307 363
47 511
486 693
587 154
291 937
537 897
719 425
667 2
596 164
706 548
844 922
886 278
106 891
306 361
235 149
768 772
202 342
573 293
667 800
740 810
905 891
589 719
515 244
93 896
573 406
687 402
549 413
104 630
768 679
586 914
146 775
665 33
418 826
703 569
797 548
10 214
138 483
46 744
909 662
513 149
253 60
915 553
530 816
859 900
876 862
163 925
281 586
708 167
115 293
902 3
85 453
525 808
363 815
747 205
989 827
775 416
284 349
500 929
180 414
271 65
220 879
367 1000
942 782
320 617
816 686
835 346
782 375
983 306
649 362
685 528
223 233
705 890
917 347
104 383
624 630
821 772
991 212
631 109
449 213
151 957
821 949
237 334
791 733
729 911
670 586
688 535
930 783
809 998
60 312
79 716
905 475
653 813
726 877
819 61
162 776
753 769
754 602
517 334
2 840
250 269
322 750
70 16
925 33
291 837
623 844
112 230
679 750
205 823
978 761
411 428
31 911
535 47
852 401
980 206
358 238
801 981
252 747
220 203
964 539
206 274
98 683
671 844
712 691
231 965
832 484
804 99
664 566
537 296
920 416
611 635
996 715
203 41
361 436
913 541
112 674
594 218
723 386
617 651
780 843
747 504
785 731
254 792
550 805
20 816
868 540
872 599
889 607
211 583
771 681
668 795
770 648
533 156
698 46
312 349
403 134
793 274
902 92
836 464
306 947
73 900
402 818
233 718
161 57
60 809
906 814
506 753
825 131
130 859
682 796
976 497
351 395
890 603
251 47
477 545
777 113
669 931
906 789
485 706
770 675
52 708
958 387
743 667
853 183
104 490
786 16
692 604
790 584
83 564
959 575
1000 548
50 279
433 613
605 711
516 72
866 149
117 285
597 35
553 453
404 721
539 150
193 470
912 356
605 489
678 383
257 945
204 754
120 781
576 907
326 805
116 377
499 371
945 381
857 537
469 867
554 731
314 804
713 122
163 25
419 227
457 820
867 737
561 446
817 20
546 586
806 920
145 919
55 396
223 830
956 441
25 201
278 661
219 439
382 329
366 850
186 60
135 389
819 864
604 26
608 221
352 698
854 598
67 96
485 209
582 577
163 597
294 441
113 675
377 853
768 969
289 31
493 215
989 754
973 205
367 834
24 220
594 306
302 775
587 599
379 205
838 868
103 981
346 890
113 93
705 689
708 830
302 737
393 267
13 594
176 487
235 590
438 936
960 609
834 70
598 23
624 702
456 768
200 874
611 392
557 850
377 258
621 31
752 338
786 6
939 542
563 346
411 217
930 823
291 575
169 415
723 544
300 695
743 413
619 915
822 852
913 8
880 69
697 913
183 746
365 515
101 813
361 560
303 829
72 573
14 640
404 612
398 848
154 15
140 110
412 971
107 485
8 325
729 448
168 383
261 974
614 500
761 32
814 26
980 262
193 732
947 503
318 102
755 574
862 742
610 263
262 424
685 314
71 529
234 115
535 812
929 963
466 385
909 992
382 282
954 251
153 408
617 835
819 975
159 342
987 369
220 320
457 562
441 149
81 142
944 12
394 37
267 817
509 894
368 894
55 694
93 639
46 48
686 524
928 352
696 524
172 769
895 722
584 449
967 582
350 604
5 175
962 322
691 896
178 725
68 705
252 422
180 443
279 542
765 736
927 657
198 547
162 751
332 477
958 121
688 589
467 702
874 132
251 215
416 896
420 584
905 220
981 937
123 401
218 391
535 582
937 179
97 574
726 40
562 608
53 631
661 648
984 97
161 926
734 461
562 322
254 135
636 567
231 365
217 487
700 468
538 491
648 359
46 194
451 686
396 21
439 527
899 438
558 857
335 32
722 526
581 344
145 684
883 544
23 839
939 966
541 774
121 349
430 831
166 148
828 342
775 825
118 626
512 927
272 440
664 586
757 345
171 586
693 705
713 131
254 253
441 320
846 16
103 601
34 32
396 959
367 477
863 951
971 941
673 863
323 194
661 847
237 777
829 965
599 63
178 761
603 184
626 251
96 678
939 154
407 384
40 633
550 36
478 254
748 953
86 176
626 477
222 272
772 230
697 382
956 669
709 610
192 882
578 927
506 889
145 76
364 80
203 338
170 681
819 840
891 801
231 256
14 350
348 764
524 735
340 392
213 902
309 410
952 522
148 827
59 480
369 648
761 254
616 663
641 974
568 602
932 219
32 664
421 602
44 523
687 339
487 457
506 975
704 664
159 123
162 717
269 743
92 398
784 240
949 730
110 197
827 50
441 499
962 855
718 136
159 339
287 567
479 764
171 711
838 282
727 147
665 429
634 778
30 25
180 686
293 969
955 521
519 79
885 699
209 170
24 149
923 914
693 360
608 272
892 737
155 617
440 507
345 267
739 631
920 827
802 291
786 988
90 497
347 450
55 781
912 170
137 128
195 662
179 317
56 48
535 936
630 622
209 630
448 298
270 23
365 363
167 437
597 192
246 406
71 25
91 743
905 357
579 602
1000 549
450 538
911 699
753 539
937 20
938 743
387 119
481 368
10 998
518 552
32 870
141 60
607 153
265 992
620 20
857 436
786 322
580 622
520 874
614 638
482 909
301 327
35 359
594 522
795 289
870 935
68 392
326 949
58 703
754 944
277 159
154 202
374 929
990 262
417 532
898 221
116 24
823 254
334 66
448 705
858 632
73 756
774 330
560 194
797 747
201 204
432 478
639 547
628 145
392 547
368 195
994 874
846 251
850 774
877 735
753 465
195 623
405 608
603 115
217 812
143 220
332 43
722 607
389 188
997 343
982 213
565 51
203 222
701 980
354 350
605 919
678 845
400 212
839 474
342 854
421 77
668 194
635 17
506 103
146 212
511 970
876 109
706 316
540 187
905 530
100 738
767 362
911 524
594 249
611 246
98 415
83 305
598 464
141 177
54 626
639 746
352 286
188 140
373 184
396 449
128 623
681 277
849 407
888 303
210 999
893 546
676 24
344 545
991 897
560 561
192 405
671 775
395 8
515 299
633 334
265 652
559 690
638 217
106 438
769 180
127 604
244 60
628 471
388 742
674 267
435 985
239 231
77 200
918 902
107 945
399 279
954 986
556 122
700 560
119 482
444 904
194 983
871 563
436 776
105 289
964 42
894 739
623 35
147 196
947 258
114 49
21 739
6 377
212 934
470 106
845 438
167 142
719 805
81 329
501 576
962 242
639 942
765 767
68 593
826 613
186 900
948 48
273 776
52 755
938 10
186 887
350 23
636 959
515 540
492 43
408 896
613 541
155 413
529 360
368 184
964 841
235 843
257 685
717 559
773 877
460 600
479 332
544 107
691 492
912 399
530 82
382 921
75 883
972 451
331 461
574 283
98 48
990 235
136 604
121 2
733 283
170 623
420 412
573 178
614 518
232 768
698 613
576 73
888 331
923 476
619 45
512 993
840 430
876 404
71 698
314 989
41 611
412 187
917 423
77 394
685 203
529 615
474 115
989 373
25 128
210 380
286 57
367 54
517 564
789 959
916 43
149 449
668 727
618 362
228 78
877 209
622 282
552 860
403 74
718 694
907 746
86 983
893 477
513 855
588 301
442 504
800 805
625 404
89 162
289 288
152 616
75 951
569 217
436 288
523 696
230 780
484 532
804 971
647 383
290 829
631 28
190 706
473 846
183 527
330 961
575 757
196 938
532 664
279 137
801 649
173 185
382 772
295 951
724 503
136 632
946 25
361 527
558 890
448 937
638 420
875 18
417 655
895 479
182 414
457 141
404 908
775 655
747 220
529 801
846 288
150 363
408 374
306 832
390 314
603 573
909 982
987 704
897 950
607 649
611 714
975 373
135 18
727 468
241 685
6 773
216 989
508 514
471 11
650 312
542 874
113 708
367 187
261 362
600 774
582 746
976 213
780 19
747 838
531 757
74 840
593 92
209 331
816 765
638 572
930 365
682 794
42 125
762 556
389 232
467 648
194 80
996 708
363 555
346 791
19 167
30 545
972 125
604 292
216 311
786 255
234 960
143 270
751 741
522 575
105 61
972 147
460 386
905 283
856 327
782 225
106 14
830 863
448 457
489 158
895 959
974 850
187 596
60 222
443 718
227 375
669 628
343 873
269 70
255 429
187 709
350 371
631 774
135 541
597 914
176 594
356 800
805 229
218 769
599 611
829 282
576 147
939 867
634 393
709 345
359 80
931 851
491 856
643 103
992 835
519 968
900 606
5 894
357 639
547 387
508 765
20 513
903 318
816 480
64 325
27 587
953 597
196 322
839 744
758 984
600 422
755 834
59 971
382 724
263 189
243 360
880 680
275 659
862 949
42 906
777 757
797 746
836 16
176 331
51 873
622 496
659 614
162 146
272 830
185 243
760 889
65 581
323 157
252 45
552 901
592 850
385 610
243 208
760 744
17 619
38 771
241 149
781 873
412 204
734 923
648 930
703 132
964 688
91 548
935 649
708 701
476 733
496 3
705 977
27 205
763 199
302 449
929 681
329 485
459 870
189 81
412 688
325 881
910 726
888 995
616 562
981 358
753 719
58 911
370 941
814 437
838 448
469 547
163 328
127 27
643 50
922 999
979 234
102 335
377 188
676 138
568 531
588 622
323 4
171 834
762 329
892 980
314 966
505 593
624 425
394 179
477 395
707 562
620 573
328 69
440 639
186 111
404 154
354 989
68 15
529 953
966 608
970 623
103 674
816 121
450 475
41 196
786 352
831 307
172 876
582 675
612 674
205 244
850 747
247 345
295 954
113 797
720 259
958 797
831 17
531 813
808 870
290 709
57 182
354 496
531 703
655 148
158 468
180 52
271 159
437 643
186 901
227 94
962 98
636 141
873 581
490 867
867 442
866 155
386 550
369 166
385 921
598 49
584 927
700 513
869 610
486 590
322 487
79 949
480 845
648 11
408 816
246 78
931 857
677 128
374 290
909 493
433 316
931 525
252 842
662 687
791 9
176 538
783 677
383 385
408 637
335 34
983 726
914 615
361 667
64 2
118 705
339 148
718 400
993 151
903 262
619 445
909 945
270 897
269 594
188 883
292 949
404 207
226 442
284 869
10 639
448 667
486 327
294 223
600 371
703 570
6 798
159 308
586 992
589 447
772 865
864 259
2 657
264 600
444 830
929 346
73 540
367 166
404 412
277 152
299 206
742 886
307 715
141 971
989 647
665 753
62 108
579 407
301 645
87 396
219 260
573 384
637 530
461 511
762 334
518 449
100 144
686 891
697 418
471 539
476 871
593 273
610 664
655 25
168 60
230 781
138 35
770 676
820 382
574 165
941 18
100 724
835 667
508 901
288 438
808 301
211 91
973 825
481 475
814 263
905 553
691 120
729 301
912 379
605 386
911 583
420 34
773 610
667 227
710 199
931 694
205 901
850 442
334 731
616 808
552 335
124 827
107 431
988 300
996 871
195 993
137 782
728 785
488 534
970 882
962 802
289 564
508 440
291 386
591 23
439 778
921 63
229 370
64 951
393 327
50 758
524 499
290 73
536 273
310 140
167 781
775 82
162 458
76 457
328 714
295 62
964 843
262 845
983 397
720 203
260 294
47 64
178 667
180 125
521 159
722 520
483 4
467 651
798 845
37 805
87 414
125 711
455 90
442 983
28 217
630 374
464 695
563 421
70 695
860 781
593 654
646 400
99 69
282 943
874 965
378 20
291 695
899 820
874 852
782 995
126 761
108 28
933 93
316 177
616 471
815 89
863 137
252 771
510 348
339 894
943 133
66 603
738 201
434 870
435 515
240 729
810 733
852 432
766 282
658 537
883 538
225 196
562 321
107 280
606 754
117 257
715 950
723 419
618 292
563 586
358 378
286 231
253 112
881 815
720 619
612 692
107 830
388 659
79 436
828 857
966 916
509 855
916 137
590 32
721 855
629 582
285 422
822 247
272 831
441 88
78 359
393 989
358 567
879 115
919 792
992 963
670 186
211 819
159 691
933 684
864 519
260 282
913 982
595 665
47 562
575 72
13 392
136 151
946 696
952 25
434 863
934 473
94 394
371 485
123 502
376 722
716 97
754 300
680 978
978 888
761 632
8 32
294 858
939 531
925 604
909 375
105 929
140 112
807 536
630 133
26 319
615 595
874 731
992 514
404 752
22 83
267 261
823 439
914 497
644 794
166 578
795 414
250 435
884 813
934 583
595 317
300 871
396 338
251 959
760 363
745 505
942 189
90 686
281 804
664 625
663 381
701 554
940 806
44 243
673 741
642 184
998 116
457 934
390 402
103 417
34 168
371 985
776 957
447 468
280 669
451 17
328 804
256 1
37 900
538 667
8 930
565 706
258 834
906 214
512 97
911 283
380 127
290 339
384 788
276 802
317 323
775 440
464 450
325 749
622 239
74 897
790 971
764 68
468 633
113 126
856 225
881 113
644 299
442 911
859 384
812 993
260 88
344 421
408 898
705 956
320 350
711 130
677 318
382 524
973 643
619 995
737 636
597 984
395 618
253 658
625 295
553 2
648 362
982 925
14 611
608 638
447 935
512 884
620 237
110 871
371 377
393 824
762 362
571 320
898 16
135 155
746 934
196 411
659 997
344 686
98 997
615 136
766 12
582 482
675 220
289 777
134 115
428 340
180 725
163 897
241 481
955 429
774 163
704 747
988 723
396 526
887 597
756 695
205 151
650 100
252 86
425 388
511 946
428 521
859 875
622 139
694 788
630 662
454 920
99 475
131 468
294 896
706 64
653 583
748 971
236 247
934 112
277 851
4 253
890 911
575 358
981 59
911 672
951 919
421 397
429 905
356 703
692 817
306 84
108 72
145 466
933 9
402 451
408 700
740 517
944 990
636 598
361 636
967 286
752 254
938 544
758 161
417 803
490 427
127 978
917 630
221 9
524 527
136 969
546 832
934 655
33 615
689 840
597 591
391 128
718 493
572 358
710 881
310 99
278 653
357 140
908 268
267 156
486 352
492 997
355 699
561 112
345 765
897 86
636 267
186 407
133 652
595 817
228 782
994 98
121 698
360 414
896 106
890 786
319 38
649 286
435 759
677 848
303 264
380 820
533 333
310 606
739 632
237 123
40 713
935 254
593 483
77 722
631 303
62 126
854 10
54 483
132 136
750 186
860 782
705 971
905 281
450 59
312 763
158 376
597 190
674 697
532 719
516 52
165 34
446 981
527 852
337 198
330 114
939 724
46 142
283 296
322 718
804 350
808 153
447 981
499 710
409 242
85 434
49 299
527 618
444 460
376 490
624 304
880 906
511 484
463 321
750 879
880 537
132 980
331 979
650 617
779 327
619 388
858 724
949 571
896 441
290 136
20 865
180 623
667 818
612 938
535 161
351 745
533 30
718 26
404 486
133 736
206 814
307 248
552 13
580 31
512 279
307 661
799 64
385 503
495 276
546 10
946 732
67 549
255 631
411 736
290 703
78 647
792 293
371 568
462 993
307 800
472 829
20 507
403 501
665 970
575 75
579 140
824 101
131 415
574 945
706 25
579 797
853 230
210 74
416 983
236 168
436 282
644 199
627 521
351 137
687 867
545 782
70 803
550 25
878 762
479 341
359 259
308 579
257 759
75 840
776 181
646 464
155 208
853 425
678 268
978 554
718 274
183 791
594 602
818 188
244 871
80 768
597 805
358 219
783 752
609 427
888 306
26 65
339 250
658 386
486 127
422 912
988 277
936 872
880 318
297 658
36 388
801 316
153 445
410 450
569 955
609 458
498 267
825 584
63 929
671 38
453 631
589 409
730 552
892 400
186 476
578 938
426 463
443 487
337 24
16 627
825 771
256 2
148 16
209 102
375 913
251 687
12 711
871 97
649 224
346 137
39 158
385 467
817 496
765 410
17 964
604 792
113 787
494 240
794 800
501 732
229 845
712 361
218 254
703 85
375 36
218 353
536 774
518 362
541 11
772 848
497 367
852 599
28 17
597 96
986 797
238 582
249 367
892 455
530 62
296 216
353 281
939 638
184 446
248 561
729 166
782 984
469 483
554 859
212 59
784 716
197 297
207 354
420 8
439 380
23 125
80 861
451 658
676 345
14 608
418 569
72 484
98 273
546 829
675 916
972 655
295 754
443 71
482 547
487 178
474 627
841 586
187 90
619 889
997 613
905 975
358 33
234 83
758 518
427 728
245 625
374 799
500 523
367 450
161 885
98 853
451 127
231 146
239 4
721 781
775 104
9 409
375 964
492 672
771 705
198 89
133 824
885 675
237 884
932 980
994 785
918 643
8 558
261 132
372 697
873 884
837 977
168 28
953 44
39 19
901 436
423 176
890 721
816 724
569 508
700 850
482 351
483 234
817 766
87 500
846 579
597 327
998 782
894 847
695 874
539 498
521 67
226 971
763 16
456 860
990 793
331 140
758 277
249 267
31 711
40 810
927 557
317 194
778 852
212 488
912 494
736 738
524 731
355 480
601 504
490 281
152 346
308 938
77 280
210 648
583 572
948 762
914 566
136 19
841 139
783 808
572 45
847 101
44 406
505 670
217 884
329 271
71 667
297 746
279 590
266 891
875 821
499 41
872 973
727 465
483 765
708 482
358 303
603 939
437 148
612 518
495 386
628 289
393 854
472 761
824 526
417 72
579 484
121 810
124 479
989 745
205 186
741 88
872 393
357 335
397 1000
437 295
938 284
895 335
815 694
360 204
363 671
346 867
681 764
726 198
69 833
825 247
792 488
449 27
180 157
8 392
613 705
658 560
264 383
446 587
344 13
607 116
990 900
670 826
729 158
245 640
434 2
877 494
899 212
224 466
163 337
917 536
707 100
534 451
766 649
775 607
443 30
151 321
700 610
887 840
984 665
328 221
918 156
375 761
174 380
659 796
287 935
880 617
893 970
849 510
499 5
854 905
305 332
180 616
42 971
99 919
224 892
978 173
335 600
817 233
649 207
309 445
719 710
741 410
817 378
397 810
517 521
332 833
891 466
673 795
581 626
893 160
642 534
555 347
740 213
707 36
855 228
163 694
28 249
151 765
171 227
462 998
512 165
31 714
365 41
937 440
720 56
869 361
941 780
981 815
438 413
604 714
398 57
455 56
368 354
406 516
333 988
373 735
100 825
454 199
861 698
237 384
165 227
423 559
339 720
564 31
782 82
285 522
347 881
355 346
88 127
514 615
74 446
37 10
511 71
458 81
905 534
742 128
896 939
624 992
435 323
535 396
593 912
211 568
122 277
867 241
13 98
348 855
184 688
978 698
335 75
173 348
749 553
73 88
970 982
308 785
223 558
326 13
47 475
582 75
499 612
785 491
15 879
442 97
760 220
427 767
980 481
840 148
713 234
346 453
976 596
387 817
750 618
179 822
206 920
153 268
262 94
492 573
357 84
713 452
141 851
25 615
498 490
158 174
363 936
272 797
665 282
314 488
189 748
6 482
518 837
442 358
198 890
79 947
612 316
890 698
122 544
527 309
218 255
381 513
610 717
937 523
539 715
704 990
90 437
255 605
476 926
661 544
912 164
173 986
815 479
907 928
982 100
136 616
627 631
222 313
722 865
687 657
946 557
378 219
584 898
221 639
226 919
672 37
302 480
450 559
130 721
642 676
496 256
761 372
948 624
53 788
110 839
109 733
814 200
75 512
516 434
558 205
728 824
322 985
714 503
642 120
78 48
774 613
25 106
348 933
27 564
690 332
267 485
654 723
548 114
822 369
805 621
609 100
132 941
131 626
480 432
23 544
428 714
31 469
275 607
2 765
793 30
797 872
840 31
931 168
665 468
759 972
560 142
707 817
101 226
798 873
195 101
606 859
695 304
771 704
206 871
690 912
872 430
726 473
289 218
552 832
773 376
208 22
961 936
233 613
370 572
510 923
665 528
669 40
953 701
375 11
527 47
754 227
186 954
526 237
626 413
291 668
237 328
184 300
369 976
504 585
213 175
367 306
930 777
678 107
300 741
984 66
904 134
493 512
832 182
502 374
362 108
752 125
683 737
210 649
787 703
705 474
193 750
488 650
433 63
490 56
399 870
112 506
867 634
528 460
604 383
985 814
936 801
976 766
168 459
595 100
633 153
248 650
706 855
140 785
345 801
932 309
900 811
261 547
742 420
932 644
861 362
989 341
557 113
426 501
334 154
45 285
266 90
474 281
202 776
258 998
298 715
137 719
907 479
897 55
587 835
694 37
107 893
881 610
384 944
114 147
8 636
190 324
851 522
566 227
417 56
149 481
707 75
319 945
34 803
73 799
45 753
891 279
431 696
379 123
694 758
878 19
664 261
152 729
155 650
978 769
385 853
117 596
373 762
959 839
285 948
824 684
459 993
170 340
905 287
639 576
127 444
19 393
924 412
230 959
202 828
161 742
273 246
666 583
299 806
958 539
832 146
545 563
88 130
532 815
317 967
122 353
213 534
130 42
684 901
176 692
987 732
605 133
314 814
957 520
710 960
280 232
42 852
313 26
327 885
6 842
229 403
430 602
760 877
438 417
955 265
431 792
289 823
977 482
6 116
501 932
617 907
564 646
736 617
772 971
973 118
191 9
431 638
218 105
781 942
612 332
264 881
462 628
157 26
381 636
879 237
299 297
507 202
949 415
83 779
9 108
714 683
443 942
894 821
218 314
646 480
412 902
173 774
389 857
230 889
803 581
265 724
393 495
378 55
454 128
751 618
113 258
645 313
631 960
999 924
378 934
772 188
296 141
619 182
300 685
805 52
13 97
554 903
370 824
477 116
841 241
434 777
447 541
600 138
334 385
775 699
141 543
310 446
461 770
512 568
102 184
162 353
400 566
185 960
422 951
810 640
742 108
379 630
626 12
552 696
435 988
186 474
354 840
944 2
457 645
889 650
102 745
51 841
345 420
399 131
572 118
594 337
461 326
544 966
109 340
823 568
293 541
704 928
392 290
267 610
91 870
459 250
422 450
136 143
122 912
397 765
238 874
720 37
313 401
61 755
338 920
549 526
859 490
79 170
539 488
846 660
243 833
544 386
543 860
500 925
89 107
476 701
187 946
562 538
285 749
751 675
991 415
614 846
89 261
662 560
792 878
387 434
619 885
749 746
550 977
603 539
8 73
404 663
970 435
523 666
549 211
456 766
719 295
581 322
586 40
328 312
222 916
560 579
236 624
112 558
448 608
432 421
875 843
894 245
127 576
555 841
920 506
610 900
461 806
278 740
923 753
263 112
578 182
893 803
978 227
742 8
285 329
15 608
260 167
436 715
682 751
612 620
333 125
336 303
101 225
284 519
945 891
841 698
915 927
404 408
23 334
945 724
285 107
177 349
665 757
263 564
788 245
4 676
153 651
640 420
803 976
809 531
60 755
632 606
768 829
436 190
168 680
601 770
765 527
718 995
252 678
761 385
401 178
95 40
644 42
192 729
544 430
297 127
783 193
363 352
881 227
347 779
331 142
703 446
299 940
545 820
639 572
790 534
568 351
571 677
678 251
352 765
795 61
652 482
930 1000
403 856
558 780
795 426
871 383
604 196
641 960
571 387
239 753
184 873
432 355
32 685
552 52
802 241
760 311
723 173
373 492
376 64
799 256
103 183
954 347
923 556
653 379
656 417
861 504
81 109
521 997
576 328
728 563
177 275
659 883
366 953
370 260
653 949
59 536
973 28
51 995
965 475
513 202
881 912
272 696
549 879
253 157
696 603
773 507
492 277
271 799
132 501
280 194
800 521
727 166
641 223
971 624
220 548
648 685
42 324
967 414
7 902
907 700
864 639
593 87
73 222
759 358
216 542
158 385
986 14
808 802
706 129
392 73
544 518
181 849
934 433
563 425
564 150
195 557
252 714
237 410
674 141
402 241
95 12
613 719
282 939
526 206
963 528
687 145
108 393
535 644
44 929
133 496
190 739
31 677
549 824
587 125
112 91
75 161
238 751
810 276
117 486
923 95
744 528
835 891
679 570
886 90
639 310
785 227
128 746
395 852
918 449
502 450
433 201
899 500
135 830
175 585
182 383
43 418
349 454
596 93
278 834
745 513
729 600
586 243
913 609
399 746
76 805
334 469
229 257
712 805
231 887
931 5
718 383
921 31
25 210
102 992
802 810
875 672
327 773
444 883
176 241
824 701
641 25
78 588
202 813
646 778
336 503
651 96
820 553
414 222
785 986
271 883
314 466
464 75
741 122
415 867
271 17
336 164
781 868
29 223
910 376
108 696
717 850
7 648
502 832
806 136
130 937
958 471
445 224
375 355
89 14
118 131
113 257
773 883
578 205
164 747
32 809
239 986
865 415
69 359
326 94
109 614
365 764
339 929
109 759
850 495
813 761
926 936
818 17
273 396
311 204
685 319
867 548
830 696
45 928
379 954
708 644
639 8
205 730
240 171
760 367
813 411
569 972
543 308
717 724
534 31
77 480
956 485
119 805
727 554
106 432
604 471
844 452
794 363
667 747
48 121
546 472
430 631
860 248
515 463
324 301
881 600
497 855
828 909
501 903
135 375
181 465
434 199
397 844
209 827
436 790
186 317
919 91
209 244
599 931
983 448
864 584
848 461
423 742
388 800
924 914
47 621
750 420
74 909
368 674
761 845
435 78
650 174
544 677
618 634
592 81
255 556
497 364
705 775
88 831
485 771
235 688
108 322
492 33
23 299
741 962
136 405
190 808
675 840
527 235
289 963
443 668
761 393
373 979
709 617
958 530
952 999
996 417
442 604
221 318
361 900
468 168
841 434
239 879
792 926
26 142
407 799
819 455
254 990
127 58
934 532
314 645
888 738
762 263
977 575
676 171
714 98
509 358
127 907
139 759
922 119
463 405
746 787
853 541
784 124
934 758
439 848
357 771
713 59
987 436
415 167
556 57
633 364
11 26
709 207
456 187
116 960
10 847
580 188
829 882
864 135
152 3
409 660
342 266
215 120
586 636
361 593
81 124
134 6
393 904
987 805
604 840
966 867
863 973
349 867
229 797
301 640
877 673
739 576
644 469
376 333
424 560
955 764
498 833
816 678
764 100
655 247
144 703
552 885
420 516
593 276
27 362
542 351
66 140
48 911
322 290
307 138
859 457
697 278
860 806
873 852
928 78
127 410
75 55
644 82
442 798
613 571
49 976
891 841
435 159
202 190
826 980
23 444
939 607
320 45
925 512
553 465
810 448
585 960
61 820
417 950
472 263
16 549
39 775
481 79
525 252
767 441
532 900
685 502
245 399
158 526
675 672
13 313
736 434
859 211
482 706
73 487
681 736
97 505
894 22
534 455
349 643
421 822
860 49
733 829
557 111
617 796
431 774
551 529
755 906
295 215
578 913
731 181
994 833
428 562
516 620
66 300
873 196
67 29
811 138
388 248
190 164
962 133
532 151
436 236
864 751
494 286
551 302
834 971
285 769
436 147
807 956
403 330
646 506
226 891
421 82
727 599
668 245
360 636
843 121
773 798
99 217
501 213
729 114
544 349
584 811
549 807
865 626
517 281
580 899
198 46
774 999
664 599
395 950
13 123
107 96
952 557
862 464
274 617
408 523
748 495
841 219
24 987
596 75
615 921
945 373
88 418
508 763
757 609
510 89
202 662
352 87
291 755
297 698
281 93
118 514
447 584
233 308
968 289
521 951
866 576
775 894
617 734
580 470
772 386
323 839
819 586
788 763
92 24
495 205
306 666
769 210
54 68
427 946
762 818
52 851
223 708
479 622
409 588
776 106
822 200
510 612
369 368
955 489
774 111
647 503
543 294
195 460
142 709
988 663
388 845
122 254
800 645
30 286
345 360
770 720
989 891
797 40
856 924
178 696
954 188
42 91
960 970
227 221
764 428
490 777
90 335
790 770
365 328
293 443
99 100
9 844
265 730
907 871
735 19
667 275
338 615
890 200
779 100
645 339
807 535
10 901
818 812
655 569
145 414
53 829
693 502
583 381
107 905
773 649
304 392
580 532
33 831
32 726
344 552
533 634
222 585
653 867
297 662
157 662
818 368
106 46
849 590
41 665
483 856
111 108
48 235
926 730
358 392
231 666
824 892
567 220
589 516
456 128
806 757
331 446
215 230
201 428
918 921
686 421
414 168
399 284
826 40
314 260
640 188
125 838
262 895
11 445
713 555
471 303
973 233
481 811
844 154
976 34
480 817
851 802
716 476
247 234
765 617
753 161
683 826
43 667
373 688
339 512
138 765
433 763
313 177
921 862
939 485
562 536
946 443
50 324
717 552
296 220
459 824
406 257
790 232
39 909
244 929
999 199
446 913
851 823
576 162
792 927
743 270
268 64
14 612
805 167
244 839
226 470
961 617
158 518
35 292
92 307
384 508
917 718
644 650
974 913
960 248
318 853
528 483
514 138
239 445
918 232
210 85
391 40
366 741
663 668
249 634
379 679
215 277
966 567
684 508
423 360
650 700
319 299
290 63
788 290
883 100
246 804
621 1000
124 320
88 574
617 503
225 707
398 101
923 910
649 454
586 716
381 448
976 224
750 847
488 410
215 857
399 22
172 620
587 535
548 791
602 46
471 672
221 781
539 680
282 691
612 852
401 295
184 209
586 213
901 93
713 946
199 107
972 169
510 169
61 902
78 796
618 881
21 162
63 358
592 348
443 586
479 280
606 333
511 907
382 956
878 545
809 126
706 750
682 282
654 374
826 665
335 415
175 454
782 730
767 440
325 85
24 260
116 366
384 472
603 732
760 313
814 248
780 30
358 118
729 578
15 819
680 154
385 34
974 235
442 181
393 427
175 661
586 812
296 530
372 293
671 85
638 24
761 838
489 7
474 373
845 930
632 81
650 336
231 563
417 211
509 845
737 426
333 31
992 823
937 789
241 384
223 624
650 434
321 488
647 245
324 757
57 22
4 523
423 195
850 685
449 332
971 451
823 610
845 486
207 957
782 425
124 185
934 292
565 72
967 804
398 33
660 828
930 769
151 955
264 5
748 628
57 955
667 507
549 708
329 609
921 869
939 412
282 937
869 595
911 786
454 155
832 503
730 474
696 358
827 716
666 578
244 618
136 317
585 316
374 509
287 478
351 967
772 164
394 875
412 585
532 810
718 641
819 318
947 373
804 733
36 60
511 274
421 614
80 936
893 534
748 383
509 301
737 10
828 423
850 299
427 518
391 227
766 367
534 113
612 881
149 989
41 700
24 81
279 622
357 858
387 407
513 266
398 623
789 173
93 880
167 713
439 868
315 314
137 526
267 191
106 493
813 232
500 741
820 644
659 766
402 621
21 501
157 245
358 606
507 368
626 966
817 463
1000 175
606 80
