1000 9885
68 839
142 714
234 619
697 145
399 217
203 1000
422 330
960 813
688 380
600 920
534 927
792 298
631 409
85 373
485 523
623 245
673 490
69 801
173 267
517 201
242 387
631 191
703 274
338 834
782 167
895 634
188 246
623 459
492 63
700 628
259 358
264 884
28 185
30 987
697 702
455 346
772 40
576 953
339 837
140 434
820 316
917 870
209 459
867 251
575 522
796 805
366 498
430 479
657 105
900 283
539 77
357 698
639 212
110 994
199 631
261 14
975 246
614 530
151 496
724 54
714 103
795 261
693 978
271 126
748 355
954 430
509 344
667 975
853 1000
656 92
72 147
384 319
628 424
116 68
903 168
73 165
763 983
50 598
441 307
984 919
750 622
695 187
789 50
292 638
851 489
985 863
675 183
162 94
572 533
96 454
885 714
65 649
699 922
556 1
519 143
427 191
428 396
712 287
989 813
492 494
845 430
77 772
960 952
578 363
985 283
582 983
345 244
329 735
240 494
251 238
332 658
180 162
323 682
332 293
406 548
728 418
952 170
94 251
296 334
60 447
305 512
639 517
531 238
161 721
643 488
683 987
830 798
464 915
621 139
490 570
348 529
956 976
278 204
397 210
210 673
822 952
418 562
606 3
532 994
330 262
351 684
309 46
900 787
755 741
684 735
837 503
430 951
71 835
628 396
403 726
963 417
46 647
603 582
395 445
845 721
570 261
854 949
875 618
380 836
916 216
510 451
681 821
24 464
963 223
530 806
489 324
162 98
863 958
811 787
6 51
195 920
962 413
786 719
461 359
464 21
601 756
929 189
662 334
513 830
419 847
19 422
209 359
677 664
411 860
969 858
311 831
259 640
378 136
496 430
908 984
167 392
249 413
854 194
160 742
700 572
526 96
398 791
438 704
294 868
64 181
581 809
178 133
16 296
948 417
731 979
862 107
274 752
294 759
425 868
409 367
62 531
378 844
572 196
700 497
472 391
296 983
504 974
999 135
545 644
231 25
831 990
27 758
447 961
505 304
782 586
487 448
932 83
736 436
664 657
112 510
116 414
797 843
979 24
140 958
733 985
434 607
757 403
832 886
301 141
768 750
509 106
662 142
42 783
225 403
709 161
380 761
785 721
955 225
998 129
655 736
846 117
618 508
86 702
712 121
768 955
396 852
347 142
129 887
332 858
850 795
856 868
732 637
655 902
217 686
971 629
128 393
789 844
593 59
507 690
907 379
255 819
825 24
681 425
61 598
213 582
198 780
30 691
473 502
517 835
328 432
479 200
743 943
998 860
753 159
386 630
388 24
320 510
139 914
590 736
820 59
436 268
455 480
77 558
652 716
230 800
194 330
216 174
514 749
806 77
523 299
943 428
838 306
198 157
92 944
912 407
662 524
204 518
577 36
156 673
213 816
274 724
149 536
614 740
465 915
762 91
709 688
691 93
69 273
148 736
97 200
245 496
46 3
505 355
732 998
418 634
182 451
224 309
921 337
188 848
740 773
317 564
121 179
547 395
378 578
644 579
262 442
500 81
529 773
353 563
555 773
650 186
975 416
267 675
139 26
449 343
201 293
720 723
933 526
689 72
275 667
225 552
232 284
86 619
930 52
33 977
423 988
916 7
926 184
360 15
34 976
328 749
904 470
43 2
6 394
100 113
824 269
153 69
417 679
846 994
501 627
998 745
285 882
702 253
63 301
693 835
19 203
616 176
926 101
174 549
506 509
808 575
9 882
260 79
217 247
472 39
387 577
282 829
292 374
809 36
499 906
407 903
193 287
175 155
641 867
52 598
770 905
390 824
424 213
194 107
657 505
383 405
330 227
6 750
889 112
291 148
602 437
865 239
921 301
741 916
170 795
227 966
185 746
40 291
392 908
64 697
61 776
984 634
659 974
635 594
827 4
521 977
629 144
172 439
376 234
605 845
31 508
186 118
475 238
276 501
157 438
678 27
361 11
336 327
651 48
798 161
529 668
660 194
953 312
935 376
383 783
246 841
484 86
807 258
223 587
809 931
778 4
251 786
638 642
180 286
20 327
613 64
228 34
468 529
802 497
109 481
660 919
627 348
132 296
898 475
392 181
527 417
700 827
682 218
630 572
830 82
298 195
597 429
579 878
324 883
75 447
77 613
995 254
482 407
342 474
838 600
506 17
344 428
364 983
240 205
169 199
478 91
565 417
299 981
583 61
87 786
71 361
848 554
891 652
567 713
291 850
60 13
758 92
321 607
288 640
740 846
619 151
306 284
733 387
475 447
810 668
337 434
528 485
712 642
163 74
996 730
245 714
127 746
224 987
813 13
176 94
141 656
956 916
314 196
82 424
489 442
965 871
419 387
276 120
77 665
63 848
210 260
357 115
214 452
587 858
113 727
534 651
97 886
924 723
930 124
768 79
732 304
30 391
402 709
233 698
650 111
816 891
781 967
618 699
911 314
863 607
848 428
782 467
12 967
865 943
848 59
172 765
122 944
919 799
644 359
147 969
688 611
411 972
449 49
183 713
811 367
822 899
342 919
576 627
317 107
31 717
964 918
17 119
844 380
338 557
191 743
286 789
303 921
749 313
622 697
628 958
459 695
408 643
575 589
122 487
286 676
988 526
40 78
226 265
580 840
249 984
819 292
197 408
865 166
666 433
656 135
509 263
145 646
989 29
6 577
961 740
466 58
875 922
676 89
254 37
422 785
24 736
921 150
125 456
89 850
121 609
453 610
537 87
976 529
594 96
171 305
281 273
708 488
525 526
68 79
250 950
699 344
846 122
826 576
945 667
807 373
275 348
9 264
734 638
203 974
646 76
833 587
355 795
391 611
820 887
308 131
879 212
312 70
665 582
791 327
686 812
92 394
555 939
225 878
939 240
152 734
392 77
618 527
360 833
967 785
187 784
942 928
344 501
949 344
865 661
568 156
29 394
144 956
291 703
256 810
95 153
956 472
999 964
451 818
141 50
531 55
224 488
810 419
429 887
691 92
553 67
827 940
844 582
459 544
31 4
887 544
563 918
362 189
87 534
865 194
3 207
871 492
493 151
145 610
390 652
28 825
931 952
913 613
555 772
58 308
831 723
798 424
391 114
728 561
15 902
831 557
47 838
71 778
258 677
99 785
650 739
776 826
27 203
963 376
410 536
568 48
145 797
111 926
537 51
650 370
723 280
615 350
909 723
180 741
966 908
290 101
756 464
974 395
462 351
160 601
713 419
822 207
119 385
545 362
319 67
266 349
894 717
695 484
772 583
578 658
975 916
933 596
260 258
208 979
484 864
760 935
99 395
804 854
803 893
860 890
646 485
151 985
881 914
423 111
611 437
39 644
887 448
819 160
378 48
855 550
913 219
640 573
951 935
494 650
499 796
680 670
744 737
395 745
770 535
773 640
614 822
597 972
282 893
529 420
531 434
519 769
611 224
683 671
5 935
399 365
344 781
143 809
351 586
634 434
358 210
348 395
979 628
221 74
370 644
25 487
136 904
693 976
813 986
698 966
699 355
404 845
6 521
634 660
909 900
732 233
687 283
499 118
874 22
214 735
128 822
354 978
426 551
941 388
463 175
128 165
663 603
244 337
927 838
381 328
642 978
335 683
234 570
399 142
410 2
271 898
781 17
33 90
111 257
388 812
595 716
120 735
534 524
643 814
19 8
811 100
171 197
872 86
360 778
413 256
604 565
454 948
517 154
26 233
497 407
575 404
656 933
83 810
634 386
906 387
274 89
203 69
282 636
429 763
236 333
855 597
325 570
554 32
807 726
710 423
855 714
658 2
438 762
581 356
260 826
766 245
136 360
28 270
431 199
715 460
402 471
183 941
93 321
168 40
773 629
724 485
302 55
984 394
378 665
614 467
623 941
847 281
27 748
301 389
789 733
692 746
835 279
179 985
370 680
577 702
465 644
103 142
250 590
755 743
480 811
619 436
909 936
569 879
343 364
219 802
20 689
183 135
955 86
813 12
279 656
505 997
400 535
868 620
6 791
755 946
3 707
975 697
725 854
128 541
210 261
764 956
911 849
894 299
664 226
929 909
760 843
523 153
157 187
655 940
622 433
967 845
698 385
817 533
102 537
582 791
848 429
189 635
725 537
247 421
319 1000
989 928
114 474
639 884
195 679
948 111
324 961
927 430
40 601
762 641
778 746
179 347
587 675
237 387
127 390
22 534
776 22
282 963
501 253
212 384
655 262
126 714
942 726
688 977
525 146
805 617
813 51
148 105
979 335
869 879
874 539
149 627
867 386
705 291
909 153
344 965
201 92
81 758
387 691
457 926
931 782
344 628
799 271
693 776
768 625
811 693
295 540
331 815
614 314
562 597
999 500
572 778
370 430
400 507
228 976
329 555
267 148
953 405
223 863
584 215
215 171
785 864
751 341
385 370
831 493
340 742
29 803
581 758
897 223
458 831
593 168
333 493
875 663
926 66
52 363
381 481
403 3
738 930
523 274
526 663
582 883
823 639
630 859
261 114
264 810
604 590
255 898
807 43
169 979
830 408
479 202
136 228
100 189
821 251
114 337
463 582
355 73
691 739
947 781
70 684
507 770
60 498
299 638
339 573
692 255
730 310
911 799
829 418
61 24
388 312
597 70
167 829
592 458
960 430
173 591
50 410
822 836
398 608
782 943
403 778
780 328
598 451
451 706
516 338
679 646
404 596
701 970
529 30
5 979
279 276
282 104
925 770
195 76
71 598
93 58
40 442
616 781
983 657
145 609
590 621
81 611
353 774
444 443
942 174
121 290
858 813
159 64
46 338
12 358
513 938
167 714
150 508
379 608
949 948
142 651
76 512
77 217
98 788
466 976
486 407
594 705
876 779
690 211
484 188
17 839
91 114
444 132
232 60
547 807
643 932
647 256
760 754
247 508
843 307
947 295
959 504
177 847
677 606
75 260
11 590
333 580
963 725
402 191
238 6
152 938
597 376
815 433
75 928
605 797
236 160
915 263
616 286
744 851
88 983
950 799
206 544
481 312
852 104
680 650
737 623
13 10
58 917
738 115
22 824
100 8
610 397
253 997
767 492
733 268
727 779
371 503
942 488
68 445
965 969
878 830
684 615
26 73
562 7
945 149
508 539
93 911
224 66
496 586
779 266
690 419
71 531
949 758
676 914
827 6
367 321
519 708
542 639
915 781
49 186
214 732
487 744
680 484
720 689
21 52
149 111
888 135
375 40
11 66
196 78
163 799
689 507
690 532
216 927
418 179
367 148
545 126
902 385
815 928
615 466
775 748
185 21
669 315
746 414
933 742
915 871
242 113
9 208
825 86
511 607
772 715
683 16
721 229
280 477
100 230
283 881
693 87
294 43
792 440
902 973
762 618
265 280
854 74
179 382
331 11
762 733
744 800
943 256
782 134
70 756
508 388
199 16
166 219
415 200
958 327
27 163
532 310
325 970
161 569
182 845
165 17
995 990
961 210
675 988
930 879
37 215
535 312
437 845
671 956
227 697
579 684
28 446
913 992
278 178
979 291
453 72
554 613
726 100
955 988
729 505
692 747
469 702
1 456
275 793
187 485
334 372
617 632
547 325
606 800
314 992
774 193
968 381
37 764
138 261
707 937
798 368
672 885
837 278
766 132
713 280
586 534
132 714
674 405
983 157
234 396
147 271
295 191
171 501
82 712
805 695
281 710
855 52
968 904
988 603
360 428
734 974
772 687
129 699
960 697
1000 392
930 463
569 117
863 383
259 645
579 844
228 294
753 65
916 637
442 936
482 441
799 916
925 761
754 365
252 956
387 246
430 312
412 323
917 810
554 148
627 886
562 651
732 767
126 602
643 342
153 966
65 274
943 235
321 648
675 585
378 843
306 220
838 353
519 967
922 946
995 728
732 541
624 190
737 881
921 378
339 205
898 90
516 413
700 210
349 508
468 336
815 930
172 347
659 619
702 618
405 43
583 839
337 301
745 440
563 715
306 608
677 401
201 270
188 540
283 816
858 616
182 38
206 936
730 558
827 300
573 768
912 370
488 220
362 573
935 258
604 440
556 53
849 197
206 842
232 193
711 731
603 498
396 806
828 801
47 691
450 59
622 317
842 965
475 660
556 859
25 677
947 622
927 716
882 105
185 303
683 88
679 236
683 233
199 462
321 548
342 838
260 970
544 448
472 526
929 666
169 29
758 329
53 127
498 723
250 80
268 343
179 84
142 328
75 167
791 869
499 947
672 467
984 37
213 829
931 638
274 723
277 592
574 478
948 567
291 876
681 404
420 72
793 754
499 721
687 138
933 310
681 293
893 530
984 754
748 379
608 686
805 972
585 800
978 496
279 501
993 497
33 903
803 231
770 484
755 734
611 642
614 295
816 362
818 472
656 387
489 86
602 133
533 835
71 772
700 893
992 43
647 191
927 223
784 359
993 951
300 722
988 846
507 372
822 205
578 609
345 450
218 112
437 402
422 334
670 160
746 458
967 998
414 994
788 171
872 124
750 125
346 847
807 974
593 454
977 935
105 59
816 611
467 689
252 373
484 662
127 456
256 665
118 133
464 540
429 550
606 382
753 922
458 246
504 904
909 365
17 61
607 80
420 142
773 654
835 861
969 339
36 894
753 708
202 66
2 114
179 846
551 391
257 1000
610 54
461 584
443 965
525 63
767 124
612 813
884 824
831 787
913 694
71 714
982 661
944 332
515 279
55 118
318 924
875 757
34 335
509 47
884 77
189 913
336 683
600 572
215 253
396 569
788 267
935 740
410 608
346 239
292 713
243 286
635 687
944 136
869 918
314 496
461 383
443 603
985 637
241 221
170 211
221 652
405 648
673 168
341 778
787 416
972 988
320 539
838 957
51 413
747 904
626 91
445 173
545 199
194 495
160 35
363 492
327 73
847 822
367 696
351 71
833 204
382 695
69 658
530 164
914 7
952 174
915 290
493 754
983 210
118 225
619 588
47 175
696 179
476 555
478 233
117 311
300 761
598 302
710 308
583 62
765 823
903 695
504 787
156 740
931 566
993 337
994 138
10 821
377 244
819 378
287 176
549 173
334 373
617 639
135 892
788 602
113 764
885 374
418 899
21 321
188 633
870 69
361 91
72 2
552 268
186 22
314 195
390 992
409 749
85 772
720 557
183 423
833 834
530 802
217 549
987 217
146 539
366 134
409 527
817 442
376 598
894 696
141 960
3 995
133 845
860 623
725 551
159 893
952 509
881 297
844 187
94 558
632 613
561 671
798 860
832 55
270 149
678 822
471 556
421 215
134 580
835 473
104 365
801 345
964 755
363 456
314 739
95 17
136 40
925 760
503 492
160 446
904 45
796 75
84 341
502 172
652 319
217 300
352 517
153 596
248 598
209 944
435 570
71 479
623 850
188 217
597 883
157 902
106 830
13 418
787 711
870 948
28 673
680 240
718 584
477 294
339 189
394 599
3 498
480 485
561 396
489 121
396 739
22 301
496 630
432 215
987 263
1 102
55 303
457 612
315 642
888 192
409 713
500 102
508 145
915 595
495 405
150 560
797 651
194 992
780 607
621 967
15 754
128 30
52 373
915 817
536 58
510 733
144 466
645 654
711 619
677 727
723 99
493 118
935 99
401 647
412 252
712 426
108 595
808 809
990 561
293 687
117 939
759 492
269 438
36 237
497 349
207 734
65 177
943 330
754 319
624 428
947 956
431 23
933 241
330 902
443 621
675 774
473 950
348 550
259 47
317 253
490 723
442 542
117 400
245 75
763 386
411 489
957 318
282 118
710 30
516 483
40 444
719 228
96 68
888 288
5 866
410 210
713 234
107 388
487 755
989 126
537 357
63 721
665 786
267 468
361 497
469 998
166 910
723 63
972 235
837 459
486 171
659 807
16 867
533 834
174 632
479 694
225 435
727 396
174 500
550 883
295 352
850 985
888 220
393 744
121 755
335 911
471 35
976 911
154 659
968 227
205 196
636 296
67 255
655 998
826 368
518 90
316 710
405 627
63 75
331 849
623 131
290 693
475 755
940 415
281 814
907 558
358 780
808 773
91 899
14 54
440 137
724 90
612 103
703 136
549 530
677 557
420 602
527 813
479 441
852 581
389 833
172 216
400 356
216 142
35 754
544 796
868 446
855 687
709 638
801 611
307 486
505 33
503 762
107 181
394 203
456 635
308 964
404 763
779 977
482 819
223 815
657 509
879 800
516 304
535 500
519 915
723 780
575 791
192 196
231 93
822 576
552 100
92 293
308 794
827 826
538 187
645 741
192 371
637 607
784 23
900 949
49 47
110 729
140 834
215 414
162 262
969 238
665 165
774 513
959 831
694 296
953 610
572 716
811 524
25 183
889 944
964 38
802 841
876 730
314 168
8 990
266 26
916 176
663 965
812 1
523 126
860 505
949 168
826 165
607 202
647 465
247 301
768 22
588 431
915 873
645 553
332 237
669 170
764 232
577 355
769 764
790 966
937 626
612 436
82 919
143 436
237 57
40 651
57 819
866 909
276 523
991 371
941 871
599 271
69 768
269 510
986 880
532 976
826 729
891 53
531 132
41 496
973 551
445 398
174 692
677 291
364 98
649 660
835 683
342 617
553 510
776 347
524 553
338 468
99 742
737 762
459 540
776 298
649 572
358 928
670 906
692 582
876 235
222 781
685 395
340 344
842 166
292 219
939 1000
775 670
432 711
945 183
893 699
839 535
219 950
335 852
480 68
750 813
440 952
978 72
409 835
459 158
150 442
543 49
181 272
807 508
340 688
942 793
299 173
584 13
767 203
508 253
272 739
348 406
314 290
426 312
357 448
198 972
825 918
627 30
510 678
703 925
67 183
893 383
622 295
401 511
254 683
441 782
423 170
775 401
391 179
582 933
648 919
192 563
331 88
17 696
860 654
791 524
422 113
962 90
838 553
160 64
783 88
198 392
847 638
789 315
777 471
564 41
357 955
761 573
977 648
429 621
127 272
874 759
800 254
527 837
921 606
630 216
62 532
853 375
356 817
528 187
658 775
198 462
408 566
524 95
73 631
139 935
995 555
233 432
417 681
127 675
475 415
700 236
851 104
486 61
533 956
120 77
871 170
449 166
182 181
537 426
901 841
115 210
921 11
225 406
937 182
444 671
521 894
229 503
949 974
813 177
690 986
531 546
513 115
632 309
431 621
452 456
825 946
185 83
114 27
775 356
65 997
281 672
467 953
637 173
788 145
416 867
647 686
119 223
110 407
198 714
13 607
30 711
716 482
97 662
422 157
817 865
1 936
381 802
717 368
664 836
887 504
778 540
636 824
697 676
75 200
938 838
338 634
781 334
175 29
793 665
161 999
888 980
1000 930
145 427
283 424
458 599
567 525
3 162
892 620
192 249
926 948
395 828
639 143
287 250
949 877
827 785
205 605
666 401
261 987
112 543
203 583
187 47
118 517
546 746
799 236
858 808
861 419
721 528
871 206
600 800
128 486
661 196
462 385
283 798
462 740
585 434
533 178
36 510
629 985
135 506
929 429
909 5
385 339
872 305
615 427
363 966
452 413
953 144
38 594
43 232
744 267
601 646
637 197
431 634
20 168
369 506
760 757
389 29
810 577
897 474
789 732
242 50
976 61
461 443
747 942
17 759
751 814
674 106
440 138
962 19
472 795
237 485
610 513
117 575
777 414
961 425
1000 337
583 822
209 733
636 860
236 50
331 334
702 420
834 379
13 182
696 264
382 623
705 206
597 968
88 956
236 464
18 671
180 425
351 545
549 38
552 214
92 695
537 550
554 908
131 981
206 443
101 687
616 733
303 691
969 435
650 990
335 194
541 819
304 286
529 843
988 232
736 369
679 901
174 311
547 315
819 574
676 246
54 793
204 44
366 543
331 1000
150 300
922 317
872 992
504 292
196 58
399 583
239 132
276 498
850 43
447 331
836 595
327 993
864 243
629 957
98 823
935 375
148 27
205 22
613 361
264 568
604 892
931 404
39 147
349 791
522 187
797 483
413 506
759 689
707 10
857 441
216 559
233 631
942 770
725 754
32 385
251 119
551 45
497 395
246 270
748 580
859 485
611 324
288 931
152 641
908 660
32 111
605 894
473 211
881 254
832 390
759 245
66 834
580 505
363 268
532 539
717 545
576 923
960 378
779 798
620 338
658 145
967 409
886 107
890 102
249 86
502 352
231 354
383 39
511 242
922 861
689 638
173 293
525 208
563 933
16 480
913 886
99 60
206 407
61 400
312 777
512 832
767 18
606 916
257 891
244 253
580 631
211 492
36 193
989 165
93 912
629 206
386 304
371 242
300 206
118 589
325 301
440 953
250 812
931 197
127 614
78 30
81 842
978 216
51 910
290 54
901 630
873 71
54 182
833 753
815 833
176 256
180 328
73 920
403 235
385 564
299 74
691 892
55 905
683 480
425 496
220 324
656 792
551 169
422 487
482 338
100 133
262 636
394 524
398 76
551 62
554 494
576 682
476 225
51 360
472 211
458 298
611 352
756 895
435 242
501 328
606 421
588 912
991 85
523 18
977 655
687 812
606 308
190 607
174 947
27 12
415 335
92 712
112 278
630 72
705 295
121 839
601 374
97 23
743 184
641 776
159 429
145 633
185 692
681 351
791 262
461 671
824 776
875 913
89 804
608 884
927 998
261 664
118 901
175 658
858 246
885 505
232 407
153 289
689 439
871 907
407 985
589 342
55 350
237 993
919 40
963 161
324 365
471 398
155 941
708 139
786 557
539 905
384 825
318 406
214 199
363 763
750 501
643 215
281 848
13 717
683 444
860 764
147 123
556 741
18 415
248 952
47 914
894 775
644 320
58 518
740 489
812 526
588 37
626 496
167 426
908 604
543 799
199 981
724 55
909 326
326 472
978 939
154 281
145 731
89 324
731 821
880 73
921 569
297 375
575 620
465 917
925 877
841 370
95 459
188 255
109 495
102 349
726 635
734 150
663 398
466 392
799 350
965 98
616 770
550 516
699 346
149 885
900 979
520 926
887 861
177 84
784 188
16 214
515 316
510 208
747 327
236 960
664 913
278 677
926 369
84 636
680 411
510 434
383 896
499 191
980 694
402 612
29 771
211 992
103 662
42 699
773 606
238 395
40 665
683 266
264 748
195 436
379 307
218 127
551 787
973 273
976 175
483 369
600 927
327 420
937 532
251 60
902 842
617 316
104 137
752 533
713 785
570 952
345 18
575 460
598 39
968 351
698 543
69 699
66 142
265 706
585 725
680 767
520 72
800 200
550 100
348 516
679 576
795 79
10 909
31 529
168 49
187 767
26 179
62 557
293 485
726 532
740 848
192 198
954 454
165 701
266 964
783 885
770 84
348 72
610 279
576 491
283 991
642 26
515 280
983 948
383 582
534 260
137 962
233 169
250 777
36 396
287 797
826 65
510 430
862 899
59 850
695 289
292 756
758 362
715 773
579 425
156 494
360 81
217 744
513 811
699 512
230 915
646 9
838 801
113 920
755 281
833 423
962 197
739 68
778 755
673 399
394 760
473 161
75 437
437 518
631 152
354 228
728 425
215 186
346 576
277 834
574 40
261 648
652 658
999 549
933 183
596 471
231 634
529 490
913 75
680 874
40 201
402 464
390 781
914 439
645 549
79 793
240 957
376 336
304 477
340 491
657 479
823 494
734 223
75 590
541 869
196 746
783 728
291 182
24 539
847 405
944 827
797 864
220 678
504 99
875 948
568 940
538 12
25 119
392 942
653 333
802 905
328 747
862 605
22 260
301 819
598 971
379 703
715 877
480 314
651 197
926 329
512 653
909 645
894 477
437 120
530 801
983 153
622 459
953 350
521 621
24 70
375 801
836 493
712 211
677 943
253 301
806 525
849 110
29 124
894 526
255 772
881 349
405 681
320 715
143 8
765 291
694 737
130 836
384 636
132 266
833 387
262 637
53 264
948 542
661 585
972 830
497 438
173 819
134 571
855 903
288 119
640 732
273 482
91 634
476 740
294 957
260 229
299 521
670 552
178 858
504 865
478 57
35 652
765 362
312 603
814 422
911 548
423 328
495 655
752 104
221 491
477 1
409 225
154 64
856 182
213 519
337 672
81 745
525 68
960 836
858 931
586 114
533 585
240 570
336 953
174 253
735 711
766 379
691 191
63 527
193 773
267 58
196 492
314 115
131 603
872 569
946 860
858 628
253 126
241 606
276 427
305 429
215 166
54 362
702 652
314 341
171 324
924 670
484 133
844 800
569 729
916 106
864 811
829 791
976 821
479 898
872 358
177 50
502 592
189 401
623 104
897 508
368 660
955 674
425 467
753 233
583 558
218 186
494 295
373 525
815 555
939 263
834 115
943 343
964 722
236 185
751 746
990 854
631 64
833 137
905 260
544 452
835 583
523 605
186 237
204 942
904 972
332 265
356 753
322 545
730 418
804 621
734 490
494 867
559 133
598 341
575 198
250 207
107 202
805 5
199 762
3 23
779 950
357 654
619 823
732 590
838 519
900 702
652 271
58 390
244 100
514 296
897 592
576 17
443 42
914 673
359 639
970 904
520 632
704 245
652 109
598 785
253 800
549 499
992 176
131 550
650 538
228 610
709 253
960 657
963 382
780 792
966 631
534 363
127 398
82 362
45 374
667 320
68 937
766 192
803 342
937 1000
388 528
82 438
611 501
668 767
569 358
328 532
238 123
132 428
184 479
217 828
721 252
761 959
47 960
213 296
893 406
217 941
714 734
640 277
346 762
189 128
446 611
981 932
804 931
986 778
773 1000
189 241
464 528
389 603
369 917
988 57
687 999
655 325
911 751
36 747
607 92
614 808
316 107
634 218
248 401
193 272
122 438
430 487
857 825
142 475
779 136
753 760
403 813
303 716
59 312
316 329
343 855
897 700
944 238
115 961
171 947
369 521
83 31
250 564
748 347
749 942
323 669
90 688
162 261
89 867
2 890
738 432
670 887
175 853
417 433
201 458
845 913
704 511
337 250
393 696
376 864
927 191
381 209
953 464
521 692
831 467
82 334
871 978
345 512
533 69
241 503
516 917
955 415
123 541
474 352
86 761
56 956
592 670
82 624
781 988
926 159
43 207
584 468
347 380
114 33
833 565
726 312
428 539
693 33
829 545
930 420
94 449
207 738
652 941
544 302
213 445
86 165
39 124
610 547
41 356
839 430
787 243
19 349
972 832
99 139
322 502
514 684
805 507
203 345
97 958
134 777
28 260
967 411
36 783
790 496
882 625
795 371
852 169
924 302
164 171
404 666
903 704
776 294
905 655
637 798
139 415
197 429
272 124
679 837
975 210
577 263
528 333
927 351
965 936
804 490
309 916
629 91
480 110
328 178
628 357
40 262
760 149
10 591
177 403
162 297
474 759
516 708
813 6
119 771
409 832
194 758
196 24
306 712
849 306
577 835
337 230
253 458
860 214
609 338
621 991
976 842
775 236
744 310
172 839
232 234
732 271
110 143
702 499
189 516
962 260
525 854
678 584
440 102
574 649
527 285
345 175
181 977
882 126
510 903
114 468
846 989
579 162
150 324
470 497
915 100
919 564
703 205
482 451
484 693
341 12
14 98
477 604
78 869
136 44
763 47
393 451
450 660
550 195
308 746
31 714
341 366
217 304
678 103
990 917
738 416
97 986
781 358
654 204
288 453
314 589
334 520
429 780
433 329
1 525
754 731
212 741
173 263
102 439
526 309
990 326
3 216
261 996
939 900
652 251
600 188
544 404
261 885
980 335
837 66
309 537
491 906
901 805
149 960
97 601
619 406
413 971
513 293
148 264
59 959
991 862
335 986
254 782
902 288
499 165
372 349
101 185
194 589
30 255
988 50
875 590
147 449
475 92
738 858
833 802
523 42
746 305
95 556
295 94
816 142
124 492
108 937
641 212
275 466
404 310
595 541
544 537
427 255
66 341
289 242
146 285
539 798
460 125
741 220
122 620
963 878
892 88
548 828
685 440
472 30
20 501
403 487
382 545
484 730
804 825
252 366
199 177
937 472
167 471
62 251
126 782
92 874
200 864
184 357
147 859
386 737
276 701
468 933
74 411
471 786
627 163
378 943
299 901
257 263
929 526
71 153
383 155
221 300
248 630
134 977
505 9
639 426
839 148
731 823
970 197
865 505
465 907
373 2
504 847
107 90
199 650
866 901
353 62
117 13
690 87
250 430
931 835
948 675
788 824
625 618
717 467
245 361
412 864
508 525
182 330
335 152
231 795
569 824
396 300
914 817
366 518
262 333
154 842
451 260
380 678
182 148
580 557
297 834
840 244
641 485
996 511
651 12
375 530
379 471
590 51
115 465
777 630
941 699
154 671
854 612
447 54
566 40
297 549
769 458
755 225
95 512
77 53
885 878
483 482
747 645
566 219
492 620
557 508
650 46
428 560
523 389
252 259
9 920
179 360
968 675
878 426
383 400
243 881
415 973
109 168
147 887
630 458
502 121
675 857
783 258
986 954
753 925
334 934
136 371
193 358
467 259
783 563
804 431
810 511
331 720
244 599
649 955
247 604
532 864
921 539
904 711
790 311
115 595
631 619
745 712
760 483
250 450
639 996
572 123
426 59
461 724
889 233
373 312
487 256
797 88
275 880
40 299
576 493
872 852
724 797
435 590
125 280
913 570
920 490
921 87
975 396
362 904
710 683
569 965
823 72
914 932
183 297
208 475
885 447
499 236
451 113
324 385
72 122
163 773
668 830
827 887
837 717
567 500
608 139
383 823
778 189
711 777
927 988
696 542
8 748
346 155
73 993
113 700
497 221
285 12
396 355
940 488
998 562
553 917
971 386
385 719
61 662
133 121
998 653
223 230
61 775
247 252
363 483
267 499
146 7
976 314
833 301
445 25
283 162
659 981
144 620
661 789
576 623
424 268
723 752
649 245
722 997
118 250
134 895
247 770
395 701
160 262
255 311
992 735
331 367
207 432
136 367
342 621
331 508
334 557
154 351
921 82
123 638
583 841
330 188
974 765
98 432
406 121
856 220
508 855
805 173
383 433
611 914
893 612
567 999
823 281
220 242
884 793
964 826
193 654
432 450
879 550
457 785
610 313
918 230
757 390
727 594
474 644
407 495
550 989
206 39
707 542
497 621
439 935
723 360
7 99
613 704
286 46
381 244
509 959
937 918
816 21
431 996
769 385
254 973
111 76
559 820
85 609
431 597
470 165
16 732
801 387
450 209
603 29
217 714
91 985
113 809
129 524
650 230
851 859
825 116
347 456
706 177
545 117
256 792
245 985
223 218
995 181
928 234
692 115
108 266
949 332
716 73
316 541
114 695
702 12
854 219
359 667
144 964
606 424
866 301
83 557
557 51
178 811
749 416
752 140
809 987
757 949
60 203
922 666
852 863
567 467
767 332
89 365
515 777
41 92
618 395
227 731
840 654
765 104
737 794
205 804
123 661
425 764
580 688
653 60
628 676
610 507
738 164
667 864
793 826
991 955
119 960
421 938
704 282
525 292
875 803
659 782
681 638
684 331
352 164
408 246
484 417
504 351
205 886
701 81
556 269
7 71
929 389
158 49
305 781
419 423
955 361
544 954
397 927
910 991
552 523
150 676
907 347
871 618
43 212
164 916
147 158
41 585
206 767
959 7
221 401
584 267
603 121
551 249
879 220
39 37
522 961
209 442
561 557
394 604
17 527
994 553
705 698
833 365
544 760
79 409
986 133
420 547
43 844
910 394
490 939
1 940
753 581
700 618
152 964
762 799
469 331
201 549
74 317
695 973
420 769
991 74
26 440
389 522
760 423
446 629
986 598
473 953
593 920
444 14
852 883
597 828
911 570
519 789
701 82
870 619
981 450
782 781
655 874
629 496
850 584
925 795
912 230
625 617
917 667
903 408
616 884
542 763
279 499
525 503
358 8
859 533
392 783
850 176
154 843
500 618
448 676
931 49
988 38
382 493
845 749
262 221
600 550
720 603
266 99
794 29
267 774
489 378
457 660
392 469
465 129
963 158
696 515
453 864
898 751
557 362
48 262
622 368
381 414
313 166
665 697
705 612
65 965
686 737
835 233
335 154
988 537
919 665
42 447
575 235
319 809
378 503
700 808
259 690
385 787
886 583
958 112
7 764
800 894
51 308
215 633
476 831
167 506
354 223
482 392
835 404
584 916
913 322
877 17
570 715
458 353
614 972
652 745
286 955
506 117
421 460
630 378
961 207
602 715
964 982
277 73
252 960
911 542
987 873
35 420
952 724
438 931
165 809
98 284
406 205
961 922
721 254
130 3
225 135
250 562
987 567
435 668
747 286
754 962
371 282
137 886
210 100
34 470
516 738
713 148
552 278
98 832
708 409
327 989
309 370
940 403
594 32
357 208
214 433
966 992
533 67
475 903
976 864
765 937
980 836
968 772
676 605
256 128
542 34
302 967
963 11
915 570
255 877
401 534
897 393
721 77
484 957
90 934
15 471
551 129
510 873
48 4
170 108
118 430
321 200
817 707
108 656
548 885
440 649
726 24
566 625
234 998
96 907
647 912
818 530
236 131
240 198
539 404
134 125
995 118
632 924
373 822
544 14
339 762
344 36
625 245
987 150
667 456
313 782
201 679
782 939
786 470
597 1000
653 902
317 238
324 283
575 929
317 913
13 440
179 944
364 396
426 975
482 579
266 532
908 171
231 124
306 277
790 67
153 190
283 527
107 323
607 630
737 675
576 458
184 541
675 494
720 773
756 195
81 829
138 268
746 380
512 529
512 476
153 329
767 594
509 958
102 479
76 583
6 158
121 686
267 846
185 201
385 415
137 302
985 562
73 924
337 791
357 348
301 683
881 338
906 333
273 696
809 542
441 642
869 322
123 96
808 706
795 444
10 732
785 163
295 385
4 94
243 808
674 562
951 886
308 756
757 515
313 666
743 752
735 675
486 539
119 265
808 399
257 671
106 449
173 611
728 166
268 313
162 788
537 960
644 940
636 614
303 785
148 726
424 150
33 867
714 59
553 255
160 853
314 685
704 125
5 776
852 429
767 50
842 199
40 341
3 363
266 923
234 23
487 331
311 606
520 558
116 23
634 724
834 944
396 432
770 394
935 201
728 512
570 303
44 58
154 534
870 793
251 518
57 321
202 826
955 360
320 925
135 290
655 539
417 89
751 194
977 837
989 585
640 127
787 256
248 29
617 187
545 310
566 364
964 581
406 809
261 122
744 50
119 218
359 843
419 933
894 952
884 575
274 247
185 304
521 142
426 741
89 140
465 245
756 808
890 486
764 499
322 282
51 328
127 477
75 126
791 668
715 174
193 152
925 583
412 702
624 868
576 967
434 516
409 416
887 277
179 202
849 914
898 151
942 357
286 649
692 916
439 437
477 98
116 294
245 454
303 666
841 199
823 467
322 382
628 697
885 22
745 611
13 337
144 384
822 261
258 408
434 597
467 458
745 524
345 926
913 604
477 437
558 390
284 783
107 664
551 715
822 510
594 170
280 926
707 985
600 551
53 473
129 143
93 758
319 148
785 836
847 951
314 372
880 374
409 600
133 523
108 888
368 981
812 426
320 872
694 290
375 818
926 166
517 907
646 33
522 19
389 24
542 86
726 275
602 229
608 446
789 743
114 395
704 961
635 855
976 996
535 872
57 793
756 925
964 674
919 299
792 467
186 878
47 803
13 975
311 750
530 110
857 28
251 317
790 632
95 228
867 151
759 157
515 819
57 725
227 645
448 86
952 614
455 621
956 950
848 727
886 435
652 351
945 419
876 253
168 196
666 335
984 294
250 197
20 576
883 600
370 701
316 315
410 304
672 579
503 903
913 687
767 706
244 21
648 437
227 833
491 596
845 573
206 201
318 903
563 520
604 420
586 875
756 369
833 974
372 352
547 28
548 291
953 469
870 434
229 10
162 85
54 175
57 377
646 995
851 611
76 258
313 80
247 299
104 971
716 754
846 853
544 579
542 434
412 179
983 324
289 184
716 321
826 355
143 434
610 591
781 962
133 136
321 120
533 274
661 674
757 701
464 480
912 724
94 230
41 858
868 457
407 223
579 630
66 863
307 91
435 142
628 829
113 472
244 518
700 104
326 36
644 969
807 559
6 87
773 747
905 547
302 205
585 983
14 705
363 33
350 313
387 305
620 79
143 788
754 773
685 389
577 260
575 817
27 743
33 870
68 386
935 893
370 673
97 127
300 820
407 752
690 492
665 223
12 192
250 599
144 456
511 428
723 12
384 278
336 767
422 17
138 269
853 770
839 594
556 299
884 168
525 736
898 434
665 421
663 630
133 647
299 163
357 121
233 939
949 869
203 591
591 464
556 734
543 349
211 924
627 484
169 732
996 151
890 894
160 777
379 255
903 44
725 544
1000 97
394 422
606 785
90 489
579 167
344 372
142 939
414 588
844 1
459 101
852 532
228 302
412 437
711 307
995 4
522 668
9 807
446 716
480 476
468 908
751 579
682 454
98 129
136 446
321 870
643 305
511 959
187 605
565 238
904 931
264 450
156 848
791 974
376 257
249 117
531 501
76 667
600 16
140 83
325 89
533 740
933 282
165 736
914 51
649 723
409 150
272 234
590 542
667 556
174 257
712 680
175 552
720 851
148 420
900 907
704 336
151 824
92 9
845 965
662 133
645 985
390 440
345 675
998 211
722 35
816 164
979 752
454 182
751 348
38 729
93 514
284 633
621 960
877 598
659 607
966 809
911 866
60 976
280 208
890 803
388 702
968 861
71 923
21 711
464 492
324 520
588 493
401 477
272 995
741 217
119 213
998 760
711 497
307 983
414 537
218 134
679 23
38 869
547 35
691 637
256 797
360 843
799 781
861 617
563 439
109 193
990 858
204 859
846 734
740 357
909 813
967 62
805 303
734 351
26 390
291 570
320 151
909 321
32 795
587 107
164 264
572 413
773 658
188 406
889 263
126 638
397 190
454 433
502 429
639 292
767 499
992 999
719 380
995 764
925 793
452 801
509 432
291 229
349 423
656 221
288 817
275 857
936 893
916 91
701 675
577 637
487 166
68 352
31 124
126 58
922 942
266 783
819 601
146 809
453 443
594 171
400 644
867 869
300 34
448 725
784 351
936 554
278 553
392 584
428 382
177 698
675 135
475 957
612 554
479 605
300 320
910 953
147 335
590 161
520 856
186 299
704 804
1000 155
394 284
489 666
129 985
409 319
947 549
124 98
826 490
898 783
276 911
575 21
574 432
639 934
964 540
934 380
898 958
602 4
325 699
803 871
847 858
249 995
653 557
472 144
291 756
308 318
476 680
576 518
636 858
782 34
731 630
577 108
540 16
703 484
669 692
28 316
620 326
32 807
288 401
18 774
320 98
448 87
396 143
984 440
433 150
662 769
679 861
244 880
463 22
358 200
840 599
378 762
714 112
775 691
425 587
154 139
947 458
344 565
736 375
534 190
2 967
79 215
64 692
926 692
710 799
159 47
567 162
328 233
435 783
383 589
42 827
867 816
889 968
290 524
471 254
897 963
367 441
851 260
603 743
253 34
248 239
310 171
793 131
958 583
650 284
543 491
77 69
214 294
523 196
67 192
161 27
23 919
781 809
947 513
200 590
740 72
636 41
531 943
180 7
61 772
703 213
27 412
264 122
268 930
514 902
702 23
781 524
338 794
579 1000
526 225
874 254
832 412
123 277
131 136
294 884
481 339
308 354
656 410
554 840
386 966
666 456
145 373
438 530
683 757
933 892
171 576
288 667
192 269
365 362
79 917
904 629
693 905
231 126
767 24
182 390
185 674
58 656
258 430
666 467
779 720
357 932
729 625
779 289
968 454
438 94
380 745
419 319
936 595
263 246
517 419
341 754
586 543
20 921
404 38
23 368
34 77
825 814
863 930
294 411
521 549
703 821
210 394
871 579
860 496
57 5
994 830
385 526
498 145
150 782
156 989
104 40
496 28
155 513
29 232
123 245
308 33
630 740
463 711
104 198
144 685
125 560
294 39
498 962
88 890
507 880
668 231
62 338
299 524
339 555
601 188
782 107
697 657
829 404
812 838
869 947
235 795
606 267
891 820
486 744
623 757
884 555
222 182
740 567
191 889
892 730
397 234
938 542
575 967
580 691
83 509
67 768
197 397
329 29
420 428
996 899
153 239
214 960
882 620
550 530
617 579
945 212
891 739
605 34
186 208
278 800
287 946
20 863
253 380
82 496
215 204
275 651
244 364
449 908
410 698
379 463
125 63
490 277
331 424
721 856
828 980
225 649
29 825
215 18
396 840
915 968
592 715
938 491
392 395
981 599
599 904
360 31
983 41
718 64
289 5
536 2
919 70
467 958
723 833
608 404
220 938
983 462
318 107
470 422
398 387
806 268
420 735
609 830
260 416
994 190
377 542
397 761
824 91
496 188
422 148
705 808
722 646
783 133
574 761
18 1
34 796
739 217
711 480
152 967
528 958
108 504
517 506
201 699
75 862
916 888
22 955
424 86
888 987
316 92
210 571
744 543
156 693
675 927
14 271
929 118
719 462
154 402
734 9
821 979
776 489
559 486
102 343
736 398
322 847
927 344
607 426
831 998
923 507
182 334
774 642
791 288
228 664
482 760
466 21
14 843
698 920
993 236
359 161
935 215
452 87
606 624
646 731
629 817
958 729
702 294
263 169
196 92
34 147
862 937
332 908
884 225
650 377
564 743
75 758
936 698
684 72
759 900
779 164
599 831
525 952
877 569
592 695
977 99
744 370
450 229
74 777
327 681
509 582
137 501
80 139
161 495
494 341
503 25
154 758
275 208
354 363
248 986
651 605
1000 457
928 166
470 317
143 457
21 813
797 242
378 212
160 399
825 403
365 314
496 55
938 914
564 178
394 800
978 396
392 887
984 155
748 140
256 944
75 971
278 172
487 94
865 138
135 898
250 462
509 339
236 749
656 493
737 944
386 180
760 271
499 293
136 947
625 667
664 725
757 430
867 674
418 976
250 672
489 168
399 735
571 166
771 936
945 109
379 681
50 587
779 466
914 928
935 526
920 285
334 179
48 104
927 186
229 765
368 789
299 185
617 966
484 203
984 787
270 586
825 785
418 201
206 792
357 468
103 688
343 129
202 470
984 712
96 578
59 566
99 613
869 73
138 171
674 105
983 465
897 398
388 791
600 543
268 893
820 818
93 429
458 607
4 839
761 862
209 391
742 555
375 54
233 521
713 823
109 102
313 417
21 976
982 117
416 918
346 731
812 972
192 717
799 954
748 978
714 590
808 519
511 200
207 527
616 356
635 448
653 673
212 375
423 493
198 326
311 637
925 93
316 149
675 966
838 374
35 615
145 475
402 458
387 418
316 4
245 154
27 987
134 925
504 796
991 685
374 673
436 823
92 576
653 101
582 21
364 221
735 569
594 959
376 52
31 166
559 779
116 62
686 134
706 832
581 84
654 672
16 788
839 668
182 161
996 256
441 489
222 678
850 119
10 382
803 359
237 687
220 387
719 875
929 509
768 829
141 789
324 882
493 287
501 841
985 902
997 116
60 974
650 384
45 458
855 89
416 502
886 436
973 67
480 909
601 711
820 871
894 560
716 272
589 30
717 41
412 765
137 13
548 773
753 285
590 440
294 213
467 643
251 40
143 400
311 818
259 655
563 950
963 663
584 576
829 290
8 28
156 908
986 975
914 96
218 629
327 181
46 5
248 752
155 76
856 495
909 347
142 378
883 982
670 548
717 766
539 226
120 554
212 506
198 61
439 317
740 560
236 279
148 721
757 211
4 413
210 886
856 188
550 640
473 748
37 467
697 28
374 572
982 831
277 149
488 522
469 969
642 45
419 252
79 142
704 397
492 976
469 883
8 783
25 887
451 77
768 793
837 114
54 250
137 818
25 992
744 392
138 1
802 248
821 268
489 275
146 628
938 488
632 317
277 160
808 766
74 786
938 379
3 966
318 409
636 396
138 867
357 381
360 175
33 31
21 566
760 592
997 301
946 817
985 301
878 32
91 958
646 346
207 816
137 888
48 971
269 429
38 234
131 404
130 98
212 713
512 924
864 394
797 421
333 951
389 997
874 817
800 52
194 351
655 510
179 49
491 259
381 939
184 473
424 456
13 138
431 143
308 634
554 894
113 486
790 813
65 347
322 682
362 399
145 419
648 326
300 585
782 785
678 358
59 274
794 163
832 18
248 858
671 763
491 658
966 429
823 300
187 438
26 563
749 964
861 467
241 897
864 121
940 671
410 330
785 398
690 261
340 638
548 187
146 807
242 700
958 734
405 198
465 475
67 315
983 515
955 280
650 358
216 910
875 545
76 394
655 632
641 154
551 955
132 539
102 946
888 847
252 58
860 441
36 511
100 102
707 22
29 62
235 837
949 125
308 107
220 911
39 453
10 778
601 46
446 473
916 729
5 70
243 711
63 336
284 3
772 504
186 877
213 20
325 586
135 702
460 467
338 711
874 789
529 374
630 382
795 215
208 523
890 219
433 426
222 252
352 693
636 681
654 312
303 714
236 351
771 124
376 426
174 93
747 109
13 481
788 985
550 712
183 913
704 184
870 885
837 116
838 215
605 248
274 862
827 491
12 727
118 633
12 174
219 978
505 981
162 398
626 683
475 253
23 671
742 29
210 130
574 609
519 479
971 714
254 986
917 224
665 383
317 894
470 146
417 6
418 313
574 516
242 21
349 879
501 824
82 618
428 386
160 992
582 807
916 415
111 277
833 527
924 589
854 359
674 217
582 950
274 171
536 234
366 445
189 476
281 785
229 971
303 340
530 504
712 491
217 915
289 302
570 905
575 408
817 848
968 708
94 346
846 741
464 611
375 343
970 469
589 119
274 476
847 937
773 822
813 777
961 62
890 140
619 582
654 75
640 533
239 921
939 611
283 455
835 658
585 587
412 737
397 115
293 162
477 901
919 210
429 802
70 28
416 595
182 634
205 827
248 290
671 546
545 650
804 385
202 367
538 373
22 66
378 520
743 140
466 440
174 121
378 540
680 30
775 657
553 926
390 689
121 374
358 69
549 292
832 888
230 3
90 670
135 20
599 531
121 592
909 557
34 361
73 725
867 959
707 914
854 967
858 522
913 374
197 636
135 314
104 780
73 567
756 284
375 838
767 700
280 358
391 626
881 394
159 726
488 520
935 113
773 342
195 668
502 766
947 543
910 657
199 314
735 388
493 25
845 324
846 632
397 723
125 718
808 710
990 722
555 786
540 773
463 630
851 956
768 408
381 789
700 579
97 754
369 885
904 72
666 89
669 856
619 661
999 464
892 391
256 859
956 676
978 812
333 867
485 767
948 256
878 577
683 565
705 29
724 303
710 270
567 691
473 977
755 660
285 947
524 710
861 771
865 320
114 884
922 953
691 707
115 591
126 291
36 15
18 622
310 112
650 783
795 298
62 895
193 764
253 932
866 330
650 926
248 28
448 558
953 711
92 405
651 312
920 265
862 544
349 659
944 413
543 143
428 925
260 188
571 38
201 388
366 846
702 804
476 648
927 893
784 389
879 404
708 108
11 276
432 815
876 938
181 236
327 169
147 308
906 11
411 635
203 135
815 201
851 423
593 53
356 213
414 909
697 247
590 362
994 947
631 394
878 33
57 769
830 388
298 253
137 185
626 409
282 521
69 719
434 380
956 729
439 991
986 928
539 336
373 929
286 979
602 752
531 308
130 359
866 189
540 190
943 35
710 362
877 475
39 842
75 836
136 699
46 162
445 303
900 677
998 271
724 33
961 945
250 424
674 433
553 223
996 929
45 612
540 499
444 472
363 976
675 332
969 111
684 518
979 962
887 853
802 601
196 440
568 875
897 843
615 53
920 404
336 555
943 724
675 426
39 193
200 254
231 759
664 776
276 86
538 865
758 716
465 107
410 668
985 844
713 477
822 41
971 801
37 923
43 338
336 472
770 892
341 537
103 654
142 554
141 941
200 375
593 128
445 587
212 810
926 170
160 965
532 101
915 855
590 215
773 285
591 570
396 109
941 599
293 916
450 18
787 401
608 434
419 821
769 339
7 618
622 87
899 728
437 697
705 665
172 698
30 552
40 552
748 1000
584 921
244 703
683 690
373 861
374 14
316 798
397 509
539 316
44 886
207 474
857 913
291 983
364 135
735 912
313 839
740 634
814 481
743 389
122 433
945 423
709 646
212 162
839 775
254 317
951 713
199 612
443 990
705 487
11 690
340 334
948 653
555 953
40 386
107 346
129 348
81 955
561 369
211 328
250 686
362 932
370 411
982 843
104 627
965 352
34 322
966 571
408 51
281 299
357 240
485 11
733 885
592 631
720 572
285 862
314 165
67 423
107 934
627 159
384 987
206 798
375 893
301 634
91 170
4 547
152 470
869 119
73 884
536 124
704 946
453 570
557 658
498 842
782 368
828 383
134 599
817 855
947 800
621 457
549 572
91 534
666 888
61 882
134 742
104 395
469 157
776 103
247 891
264 347
654 72
568 393
911 859
606 321
113 476
845 513
27 44
246 80
283 454
839 197
435 259
862 126
403 993
886 96
501 14
709 745
140 212
415 338
326 171
538 451
45 721
624 142
239 751
277 270
724 89
840 630
770 129
440 868
699 33
431 74
836 898
12 252
585 134
803 219
896 599
913 655
554 651
25 127
438 93
955 101
82 11
928 983
844 182
182 86
777 726
550 201
745 234
627 783
343 65
65 757
724 652
998 359
565 640
566 123
841 415
642 907
731 618
129 868
280 248
67 16
786 574
471 338
309 115
775 378
565 930
744 682
293 559
151 705
461 489
209 336
446 598
411 700
457 546
713 267
271 201
536 886
649 57
544 321
471 918
75 73
536 997
442 956
95 26
170 367
948 146
252 551
955 322
221 592
442 815
853 478
596 396
155 78
830 463
51 17
911 703
326 501
308 608
438 723
757 959
204 529
482 175
31 576
567 690
344 180
821 686
127 235
572 356
40 173
911 754
391 440
321 644
784 796
123 528
23 173
540 377
40 219
839 975
603 947
830 662
335 28
482 608
140 990
213 752
676 248
533 593
382 25
475 489
993 84
483 873
7 270
136 845
159 83
467 427
550 608
366 621
314 904
595 121
444 539
719 984
353 727
392 705
512 754
270 742
876 645
897 8
37 789
959 614
888 203
870 495
484 318
655 753
998 345
293 784
632 208
941 336
599 788
676 515
872 149
717 489
167 904
495 271
891 474
517 914
834 822
742 919
90 119
708 771
285 206
234 758
321 425
422 425
425 475
983 264
734 918
130 800
845 359
186 996
540 763
527 563
569 157
221 914
627 659
131 406
208 771
869 754
838 515
269 316
92 865
784 958
904 101
283 96
708 711
13 823
52 803
848 962
44 915
762 904
209 888
504 632
566 860
182 769
952 992
866 186
459 752
26 309
465 883
984 49
306 101
173 323
648 328
297 382
425 689
505 387
586 444
408 418
718 657
757 181
280 551
724 34
562 389
600 240
32 620
325 57
533 516
576 105
136 922
656 209
303 534
55 241
331 873
585 396
478 744
227 808
690 432
851 822
434 626
367 304
875 773
489 66
382 279
441 295
928 799
772 314
54 85
833 918
460 160
158 23
529 673
694 101
751 380
384 432
93 610
703 761
171 408
444 908
416 449
414 204
563 963
627 51
367 244
349 777
47 746
485 345
712 275
200 455
43 815
937 754
350 601
976 152
928 475
584 301
741 906
418 501
223 378
575 17
354 503
134 473
356 345
855 865
198 556
256 631
60 581
830 417
462 869
484 741
126 962
346 706
386 557
739 873
96 830
454 999
342 894
599 137
655 11
942 569
688 680
265 713
861 567
273 54
718 928
259 727
575 725
212 461
89 318
273 199
718 979
130 328
536 763
602 580
969 351
164 191
548 998
80 870
120 723
905 667
121 126
202 473
165 723
41 861
425 574
82 33
193 522
33 861
14 520
382 198
489 281
836 943
177 30
505 761
16 156
92 431
37 634
791 321
228 703
689 187
687 400
267 493
714 350
435 787
97 304
859 740
860 91
328 124
582 439
628 47
333 245
121 555
106 305
972 524
276 107
890 901
135 464
214 459
304 37
863 842
76 424
375 892
197 696
860 488
111 166
258 812
426 218
445 622
290 381
56 304
702 430
371 634
155 569
765 278
640 427
164 825
460 188
407 391
997 355
981 878
823 973
124 241
271 244
238 889
973 506
96 786
251 254
89 207
15 243
841 712
277 984
635 84
434 261
623 511
860 963
844 504
858 455
667 337
759 207
784 494
446 676
506 147
715 109
424 386
248 582
378 969
876 56
888 534
463 208
948 588
805 197
349 201
630 122
922 276
365 863
576 34
206 413
460 949
689 965
682 280
179 551
352 433
797 887
889 142
788 432
948 785
932 446
20 720
809 461
918 249
500 467
853 924
15 863
714 370
560 852
742 428
615 182
11 12
140 744
475 219
383 27
152 230
686 359
414 106
627 205
846 105
704 578
483 581
615 404
951 676
986 372
396 928
492 653
741 27
836 470
837 571
800 547
111 186
773 451
811 144
557 428
769 261
46 851
903 705
533 323
351 376
246 582
891 287
488 282
494 192
630 760
988 498
63 261
502 879
929 943
667 200
31 922
846 596
13 443
640 725
125 701
56 412
274 431
702 55
189 192
799 923
375 309
341 389
126 869
97 609
973 704
388 330
317 124
389 543
356 710
602 282
164 273
645 366
888 963
481 371
444 97
69 412
731 803
254 704
311 499
224 475
351 978
444 208
728 91
891 697
69 301
941 837
577 330
315 210
951 304
809 271
719 276
760 475
387 673
110 789
58 688
75 754
258 398
266 901
693 794
469 982
664 528
239 480
974 877
576 300
893 867
396 663
82 938
534 469
750 96
41 704
79 595
651 139
249 549
12 455
50 526
471 162
384 102
820 204
147 119
742 219
48 51
511 510
162 39
368 848
440 701
21 480
918 598
779 188
233 906
930 32
809 597
441 85
370 21
812 709
68 860
588 411
146 642
147 167
356 215
364 586
755 299
186 626
578 304
48 639
938 92
593 469
795 561
464 271
51 289
877 917
125 720
623 337
627 658
129 411
294 71
522 810
504 667
948 40
32 50
179 389
805 345
109 188
738 385
194 346
252 580
12 347
688 796
175 38
861 579
312 512
443 726
22 355
49 627
946 195
378 769
269 110
406 73
724 444
913 923
842 3
914 500
853 245
169 284
480 192
957 306
724 35
248 348
253 981
269 848
917 676
40 424
614 502
154 176
598 703
451 494
89 925
315 111
887 855
563 645
893 662
965 249
41 659
34 316
971 965
789 188
920 261
392 766
29 759
693 528
909 627
845 885
612 576
3 760
444 798
926 398
802 168
841 662
241 450
771 767
738 886
669 440
54 372
918 749
336 105
617 8
483 717
564 513
90 136
697 160
702 810
474 235
458 724
631 507
950 126
390 18
234 747
769 748
989 841
98 770
741 248
483 200
935 136
593 305
621 483
217 37
553 579
186 872
668 180
263 924
527 115
752 493
291 763
806 14
343 100
978 867
26 628
482 114
515 680
535 693
748 147
635 425
513 701
964 989
94 766
382 922
900 357
335 256
482 852
598 398
326 77
738 5
991 693
758 64
886 437
597 846
157 977
943 182
662 794
560 764
813 742
799 407
354 824
107 463
897 651
282 449
586 312
802 520
486 97
857 595
219 934
923 931
699 368
554 661
116 38
102 81
215 402
287 993
606 705
129 451
737 150
774 509
775 844
758 524
138 275
943 746
784 289
719 915
888 149
574 473
500 859
929 469
399 505
936 523
81 244
870 436
340 883
860 378
254 985
93 581
853 270
617 91
916 43
301 649
543 74
143 154
540 542
445 990
59 604
321 336
696 772
623 171
748 433
209 507
527 433
367 606
631 253
319 902
972 183
924 50
820 451
808 523
937 169
298 469
156 987
758 254
257 692
956 882
615 527
583 45
108 83
477 898
995 861
161 194
335 200
783 524
571 538
594 665
877 650
294 587
745 771
948 764
476 205
823 273
914 591
129 269
771 234
330 390
41 969
961 744
12 254
110 745
400 856
700 179
335 856
852 374
893 862
234 77
899 667
223 987
480 325
300 849
339 394
720 108
451 196
642 871
771 537
812 187
870 449
871 920
362 21
817 765
935 703
992 351
578 920
590 115
324 993
78 263
372 608
135 324
894 677
72 380
552 934
772 526
720 215
976 97
812 767
81 259
795 532
983 358
623 207
554 322
55 819
94 444
363 566
677 573
517 239
956 577
540 768
488 199
285 955
714 543
754 268
147 838
919 444
351 174
544 434
694 432
378 159
982 260
104 901
553 292
496 115
406 320
196 892
782 31
236 109
457 360
847 575
939 576
559 235
628 444
175 242
822 843
441 462
329 294
139 898
973 801
353 184
47 789
248 466
175 355
468 223
966 42
571 550
88 858
738 205
4 409
631 698
291 207
769 165
411 924
429 37
596 533
44 186
477 313
297 691
465 721
913 617
680 140
899 820
443 230
637 652
799 141
993 820
685 22
64 608
104 589
158 942
896 339
664 815
298 533
334 239
120 311
176 249
486 410
372 469
929 270
893 53
416 423
694 14
775 203
375 807
985 535
397 897
845 3
739 512
223 499
975 896
172 947
526 614
546 96
512 48
859 235
931 188
366 393
264 985
247 414
436 255
347 556
244 382
742 759
251 200
734 551
23 959
406 514
759 400
671 219
946 527
145 244
716 101
790 740
666 958
28 167
1000 752
484 545
468 942
251 278
865 534
661 853
41 52
459 869
425 917
579 564
925 576
903 861
916 772
291 909
98 904
652 434
908 772
395 987
213 944
308 4
170 901
391 303
28 619
533 514
206 474
836 949
589 811
935 771
718 433
865 67
131 643
724 770
267 451
175 714
235 471
618 156
548 40
954 250
251 724
814 870
394 85
860 224
280 20
427 935
232 269
603 270
489 354
56 571
920 36
884 285
315 554
634 62
194 985
711 796
822 223
555 304
99 588
781 942
375 779
626 839
225 906
748 694
441 941
578 277
925 480
393 215
232 1
12 959
640 368
971 366
609 861
705 670
651 592
284 31
213 431
584 525
166 300
991 240
975 237
618 788
394 858
98 371
515 538
128 332
790 640
766 414
835 557
639 531
142 135
773 879
577 102
649 849
627 828
810 484
869 839
664 403
126 412
221 440
59 453
527 261
897 537
109 739
457 2
113 672
809 363
822 605
280 692
117 153
814 49
616 856
432 479
990 406
228 697
768 520
955 90
629 879
225 377
724 917
29 553
908 364
505 985
915 696
54 900
497 537
333 243
37 667
758 700
409 88
394 73
837 291
984 873
567 94
955 312
579 372
281 473
565 681
196 204
110 270
862 793
224 669
228 253
587 830
548 520
7 680
490 85
974 358
897 819
975 3
217 757
750 457
419 837
649 288
289 177
118 528
129 680
114 422
247 70
194 394
511 733
493 962
632 710
65 193
222 355
694 562
329 606
346 676
882 818
421 182
973 585
597 301
892 383
753 39
990 788
577 209
151 866
706 503
246 36
50 371
614 883
101 900
946 313
268 269
568 379
491 581
398 952
717 678
294 761
781 201
16 333
930 977
511 230
524 685
301 356
84 916
990 336
41 959
937 376
469 245
801 981
989 8
628 760
809 418
98 683
447 556
963 585
714 481
112 595
868 256
111 830
480 471
903 361
871 181
162 319
73 328
680 288
441 492
321 963
618 212
589 469
145 836
992 481
154 570
590 961
901 634
557 136
962 632
232 325
640 252
987 215
755 51
130 747
355 641
929 210
751 39
807 209
51 553
129 539
496 225
336 193
462 897
583 575
68 536
489 997
510 909
60 664
332 405
998 678
716 499
874 951
657 987
553 666
754 269
937 379
973 621
60 290
759 60
523 674
871 929
599 407
359 658
217 141
606 401
878 730
293 96
893 105
886 161
173 714
485 932
914 236
790 571
767 528
477 884
630 186
170 652
120 559
706 330
799 699
112 124
349 186
992 249
79 849
117 398
227 706
529 92
148 10
876 173
566 913
951 669
292 14
990 189
767 575
4 410
944 597
875 111
468 335
89 534
272 82
933 259
28 695
488 736
250 515
608 657
275 834
996 792
98 591
689 880
513 386
555 779
443 249
803 73
567 224
167 912
187 252
374 834
267 132
533 161
805 652
521 873
632 100
63 790
48 53
766 211
949 977
90 288
318 672
779 190
491 247
376 529
510 636
938 469
607 205
298 820
595 950
954 875
229 220
485 290
337 960
930 145
255 860
4 742
77 920
833 602
212 158
489 560
219 331
114 415
96 766
578 270
885 946
256 622
453 84
208 887
392 126
122 997
854 18
821 203
623 339
131 411
830 27
616 131
320 448
448 309
229 656
587 258
995 41
248 674
321 938
772 39
502 154
914 208
274 691
866 185
373 103
654 182
107 199
236 481
681 116
740 977
173 464
926 790
330 343
714 244
548 713
794 172
481 127
410 181
158 540
749 558
733 425
374 541
603 837
50 895
714 470
254 487
383 705
336 912
188 977
429 409
983 534
1000 759
738 419
187 171
98 962
447 757
858 684
106 73
470 574
173 230
918 790
461 921
98 949
686 306
252 632
319 271
430 620
242 776
370 341
903 87
543 508
362 753
163 992
459 188
537 179
629 605
324 693
879 37
807 264
276 176
489 765
190 60
398 327
695 503
719 111
938 344
441 992
831 23
713 652
510 890
501 577
284 489
203 251
562 830
246 319
854 62
143 471
167 493
356 442
32 80
551 331
613 542
28 132
377 286
179 16
17 413
697 723
478 252
140 349
235 985
481 441
49 669
359 440
287 431
165 847
652 343
916 624
853 306
269 993
970 126
143 824
306 358
918 97
645 727
316 307
83 947
710 903
144 484
366 697
774 608
541 951
283 939
859 584
469 908
435 788
595 326
852 915
447 745
396 601
25 129
851 269
963 327
711 989
226 924
449 590
105 252
162 109
626 902
823 864
718 78
149 337
266 415
103 686
328 684
43 195
685 656
262 867
526 684
910 527
590 311
648 538
756 731
25 765
378 417
51 637
312 15
590 422
186 552
886 521
9 81
372 851
895 897
487 529
772 330
648 888
556 673
99 470
251 243
640 716
401 184
154 890
293 506
701 493
756 872
954 292
977 525
282 589
484 619
142 241
196 297
181 533
72 446
408 923
743 711
321 914
529 341
344 45
255 313
936 337
554 160
437 812
39 552
64 188
743 596
107 72
909 386
198 203
46 709
539 141
136 744
464 789
587 185
53 877
257 596
97 149
615 605
101 869
961 972
110 372
782 722
754 829
59 337
852 402
819 331
855 392
628 761
234 56
949 847
920 22
991 990
372 174
889 892
600 457
249 669
755 871
516 719
701 597
965 320
495 675
846 509
206 92
300 481
216 988
343 93
237 570
937 924
699 237
268 404
341 620
12 572
324 382
931 302
38 516
459 465
263 499
669 382
542 244
11 410
161 79
785 917
271 902
863 563
622 950
299 109
156 454
157 59
973 185
104 190
730 926
482 20
203 818
687 620
355 975
427 426
384 776
854 503
431 290
269 387
685 638
200 736
610 619
829 715
668 335
194 182
264 29
504 642
102 600
605 804
877 63
455 489
113 146
114 685
752 311
479 372
957 471
71 174
482 171
230 533
175 252
306 125
771 413
222 185
597 915
912 357
145 330
933 433
444 322
49 509
319 307
515 17
741 841
375 106
466 409
124 861
106 176
268 231
89 902
185 711
148 573
957 525
222 720
488 624
254 91
919 676
475 282
753 286
792 454
361 407
513 306
509 119
383 514
894 410
95 891
646 641
81 161
483 533
279 820
125 56
362 666
21 493
958 518
858 410
363 968
570 22
642 619
721 994
851 547
998 406
342 426
492 515
189 285
668 542
835 247
157 31
195 340
18 455
401 469
458 526
973 349
665 596
601 965
812 733
364 724
56 93
792 337
26 893
426 709
928 145
808 679
39 352
919 621
901 162
5 509
445 230
798 570
583 832
606 483
701 277
350 189
26 543
833 133
155 433
749 489
236 60
364 9
554 233
8 141
866 601
670 643
361 789
674 734
930 820
553 407
510 250
169 414
262 332
430 471
359 407
421 133
571 727
524 743
550 343
771 6
19 749
336 883
153 803
740 929
726 628
785 358
273 394
598 79
741 877
300 869
837 154
782 565
862 743
651 458
983 529
733 74
435 827
590 749
202 530
884 970
998 118
853 849
306 564
73 263
21 47
993 854
673 592
620 595
859 781
586 975
733 876
673 580
918 902
690 609
876 884
368 895
721 957
793 344
68 812
200 380
453 854
818 746
59 547
446 225
376 669
711 995
834 790
602 234
389 531
492 502
682 834
494 348
606 341
389 144
800 793
51 401
786 804
111 477
367 583
118 459
122 774
572 695
674 913
327 85
476 817
959 912
602 447
929 709
238 579
277 817
703 415
249 362
305 520
239 37
126 672
112 30
630 895
147 753
442 739
355 370
459 656
580 988
9 577
999 794
986 675
148 800
903 720
463 105
822 928
969 300
255 203
420 412
741 816
62 681
447 933
633 8
488 569
896 576
898 18
537 338
386 318
794 419
153 89
706 887
913 567
923 762
381 303
488 983
846 486
263 138
102 950
159 309
898 423
242 813
100 339
10 167
854 556
712 85
824 623
471 468
312 323
688 46
376 586
267 941
17 786
751 13
533 442
682 516
629 673
243 282
9 374
357 302
79 797
279 239
138 805
855 144
894 759
113 907
475 556
703 76
796 290
100 151
66 3
655 233
568 193
720 12
778 465
34 596
753 84
352 811
248 876
209 666
448 382
800 3
643 591
455 405
222 416
305 564
433 639
952 813
900 437
459 815
577 64
724 273
799 705
145 476
588 832
455 699
39 952
283 330
984 493
178 28
490 482
835 202
444 191
16 478
434 837
607 346
130 74
576 38
739 726
323 583
875 18
790 89
173 57
806 80
320 178
805 820
291 50
111 541
634 710
750 828
571 219
989 296
58 506
115 199
334 103
489 30
346 433
440 566
833 929
67 505
488 834
76 633
783 870
686 474
428 318
341 619
103 636
141 927
731 965
7 269
455 599
319 36
584 395
252 9
518 130
668 571
467 938
104 16
750 491
955 661
587 570
915 3
238 174
332 407
8 293
136 250
119 121
270 101
218 346
539 556
811 451
260 91
890 456
359 575
198 507
697 296
769 971
221 570
386 529
588 902
881 148
550 99
777 337
190 766
87 850
19 498
22 919
835 884
577 996
349 184
114 799
431 408
795 2
853 376
412 626
876 635
990 163
230 194
518 778
546 621
411 394
196 684
272 84
847 522
554 566
224 317
789 156
44 488
466 406
982 822
130 193
684 326
867 658
942 160
512 937
240 668
70 431
880 999
384 348
901 809
353 889
906 753
318 604
836 882
703 52
474 735
291 447
384 203
313 604
542 932
745 312
410 531
841 877
132 776
560 195
807 711
214 388
567 384
699 776
580 29
420 177
313 38
868 784
523 183
228 183
780 734
655 914
398 361
545 828
104 12
802 469
342 26
604 937
678 608
327 338
649 382
544 644
29 196
700 799
916 716
194 585
269 422
678 834
934 472
795 930
192 669
728 511
321 63
450 861
913 339
181 731
518 682
278 463
151 823
194 342
565 593
75 249
630 277
93 239
298 424
710 602
946 364
303 985
630 132
340 82
287 437
161 865
294 519
192 89
926 788
283 306
364 447
981 332
418 646
515 12
280 135
256 230
352 398
705 398
926 566
88 440
272 207
384 393
22 871
821 691
79 250
176 811
799 221
361 481
270 933
241 779
955 51
975 444
483 850
50 219
819 928
949 529
785 528
824 452
272 493
209 976
384 215
132 861
668 959
671 36
251 591
106 454
604 73
16 994
471 66
608 12
634 976
393 792
177 689
70 19
437 207
420 897
851 593
967 691
879 77
608 362
147 342
60 909
43 217
891 509
345 465
180 298
959 44
683 744
831 331
238 96
587 999
105 578
712 502
364 825
459 87
703 184
463 647
394 758
269 458
665 849
299 575
584 927
337 881
736 998
660 604
57 513
259 349
247 818
899 781
460 921
631 936
304 705
70 920
986 561
326 54
827 767
455 726
203 313
23 498
557 543
429 823
370 585
527 898
235 104
679 711
353 229
857 693
127 63
862 422
575 775
852 120
624 247
934 283
616 859
395 166
205 639
384 405
831 659
390 351
845 563
202 333
617 684
67 655
660 504
953 626
383 965
232 477
160 682
436 719
533 231
536 309
186 498
101 229
83 194
402 698
549 262
405 965
906 122
105 371
930 100
396 776
299 95
806 610
20 339
86 980
531 841
21 631
388 174
639 845
130 145
739 805
510 999
593 273
497 388
946 579
964 648
948 21
402 145
391 346
739 136
40 921
549 407
597 155
469 264
821 547
951 916
862 209
274 358
170 663
65 363
215 438
792 838
667 114
207 309
329 585
641 851
235 84
936 113
114 843
614 592
117 88
943 854
675 556
908 736
184 869
405 323
226 480
692 709
641 637
89 936
149 846
685 268
965 359
893 745
417 526
215 737
629 223
387 614
191 515
949 728
624 497
885 294
955 123
609 453
231 680
335 981
375 648
84 587
620 517
21 102
557 116
707 923
634 921
196 156
968 77
91 494
419 439
348 503
594 507
63 844
279 899
267 891
418 229
55 760
319 318
738 826
704 758
193 587
564 598
360 44
882 145
403 248
242 48
355 787
708 789
711 630
696 693
34 804
769 703
419 866
975 857
892 73
90 511
863 728
527 202
846 558
133 65
63 256
123 125
549 585
41 290
631 221
632 741
299 758
449 5
895 600
493 820
847 997
43 749
541 358
925 711
238 725
127 435
200 960
365 506
592 322
151 131
902 697
945 852
781 264
911 645
648 451
978 950
896 973
435 357
757 918
19 610
331 404
539 207
870 635
905 581
581 508
196 542
639 266
566 916
904 832
993 396
814 455
619 214
269 807
899 496
849 845
524 803
174 156
179 518
970 775
699 335
844 812
831 858
387 565
652 127
750 878
842 349
572 934
186 217
567 253
271 544
823 23
236 979
167 723
870 22
585 390
15 559
292 604
902 285
281 485
449 923
712 31
732 450
418 150
592 565
183 410
868 642
760 779
67 101
489 283
988 747
940 134
856 889
284 738
836 311
755 129
738 945
685 726
688 326
872 483
377 971
780 686
289 141
163 692
390 581
301 658
900 204
750 119
753 305
754 74
792 339
833 377
75 956
930 481
293 303
328 422
854 128
236 175
146 868
653 656
636 840
85 62
109 840
94 164
207 463
867 286
293 146
61 412
795 112
178 447
83 322
781 189
625 315
495 689
901 430
944 997
129 566
678 414
231 507
701 983
705 284
433 241
913 815
272 177
2 70
724 159
33 804
931 991
344 547
384 394
511 409
495 772
851 20
616 911
888 15
926 721
174 410
233 190
197 795
127 606
922 344
525 717
216 999
470 940
453 562
149 852
521 650
97 387
335 562
621 777
486 442
662 409
884 281
318 885
6 93
389 363
217 620
731 259
219 394
848 314
497 812
759 524
523 210
216 692
413 486
307 543
39 108
912 950
485 468
809 562
125 715
741 227
86 56
181 796
130 798
27 408
282 709
444 618
666 811
327 87
351 93
799 969
655 437
735 22
866 374
792 589
667 331
226 921
252 613
861 561
256 794
520 119
596 450
942 690
178 231
804 695
862 133
809 31
403 970
985 503
66 528
857 779
105 470
221 436
370 974
995 693
616 702
376 323
49 739
675 563
608 638
432 28
554 636
258 81
188 146
26 53
979 137
961 918
600 210
141 292
111 522
40 393
816 474
767 255
664 734
202 677
899 345
774 615
723 125
390 348
972 240
464 578
112 698
60 410
446 758
716 801
185 991
441 325
224 947
262 181
67 287
395 209
129 224
335 534
656 767
859 920
88 979
868 858
741 468
779 251
232 252
949 135
56 842
738 902
671 462
837 978
829 962
186 580
260 323
479 857
686 777
344 34
843 746
555 62
649 437
675 793
517 246
220 794
26 691
778 738
851 936
247 243
87 618
289 407
848 866
242 465
61 907
9 816
434 659
791 729
867 47
795 794
446 686
936 725
201 745
790 531
630 338
136 284
544 137
636 999
892 601
420 220
633 863
190 546
247 567
833 175
624 54
198 89
222 851
635 65
279 248
67 814
193 639
983 161
595 260
541 886
413 727
421 552
851 95
335 182
980 313
49 489
774 579
791 355
906 731
926 670
799 148
548 148
515 357
497 680
594 214
848 518
45 142
708 338
230 138
33 718
90 521
943 458
80 656
628 9
741 278
851 298
642 787
404 450
634 777
17 867
287 631
57 418
251 852
648 682
522 79
84 101
834 813
308 896
310 606
811 39
207 950
582 906
786 987
933 536
237 123
423 810
482 354
738 931
986 178
768 481
18 128
271 214
117 48
868 178
599 290
801 367
458 346
578 123
672 252
467 488
985 107
1 972
184 454
386 670
688 886
342 555
737 587
972 438
994 90
999 205
744 557
1000 951
491 871
178 175
586 304
408 588
36 849
383 122
611 223
558 954
898 851
396 73
35 411
594 630
296 973
409 242
887 555
28 540
457 222
334 308
151 326
908 67
268 226
538 177
475 494
549 169
879 950
410 383
244 146
609 61
663 344
520 730
850 193
278 830
45 97
449 888
339 316
607 751
521 796
600 362
97 370
867 882
379 616
125 68
858 56
414 72
487 946
593 474
348 468
3 787
176 333
181 244
474 110
155 985
766 712
272 847
886 682
25 521
467 840
798 908
655 781
218 26
953 101
407 471
446 42
268 830
911 36
768 350
312 970
773 195
223 156
7 655
946 697
920 568
904 157
388 502
463 594
782 162
160 125
382 646
98 201
579 938
818 718
433 564
951 942
398 858
517 480
791 769
614 940
47 113
341 276
179 169
507 457
917 859
365 622
256 942
353 366
888 418
338 506
32 901
311 301
847 655
922 882
67 857
197 454
642 373
183 791
78 14
323 624
412 967
698 588
978 71
168 355
577 729
317 606
451 468
16 183
989 76
383 717
793 92
22 509
813 414
851 23
45 52
227 849
379 790
128 896
736 213
756 152
850 165
28 949
386 705
555 760
998 39
591 206
593 735
152 181
281 343
600 563
882 244
215 234
417 279
881 970
811 931
885 606
567 22
719 876
152 83
998 294
910 900
52 436
949 162
316 831
926 783
155 933
781 937
284 711
637 239
638 664
309 180
248 722
955 622
650 208
872 448
735 439
609 999
582 507
189 66
221 667
837 799
437 641
699 722
740 46
209 546
872 254
650 95
160 42
752 404
982 731
260 29
812 994
140 540
856 658
818 636
47 164
51 33
572 453
402 333
554 136
502 250
71 371
352 544
580 991
212 495
636 563
353 345
70 41
752 80
255 103
886 399
912 160
966 119
421 674
775 535
636 775
64 481
338 256
139 497
14 531
711 824
572 9
679 807
918 101
476 420
141 48
983 577
452 927
126 242
992 252
844 885
206 170
158 713
513 462
487 647
36 301
667 613
59 900
190 340
262 283
33 545
90 562
769 149
21 64
759 860
81 861
558 281
962 766
263 135
121 793
200 189
202 791
557 159
885 562
680 242
137 684
500 720
211 543
893 7
621 354
659 563
306 825
309 502
298 889
779 250
121 782
765 461
569 290
336 75
946 908
549 4
437 451
422 409
356 149
546 42
731 483
952 500
848 69
846 976
557 611
118 443
247 93
673 46
216 431
839 377
513 709
290 598
578 485
619 237
501 466
88 873
105 717
255 711
757 641
925 737
126 880
911 818
643 432
758 277
155 122
504 584
553 323
444 84
65 361
528 527
66 962
340 37
213 785
289 137
921 592
832 181
729 307
677 51
697 866
165 879
576 138
169 356
192 131
784 839
487 116
269 769
628 598
495 601
813 708
328 268
743 135
969 94
111 553
662 939
227 792
890 527
306 409
382 116
295 615
153 58
162 312
549 444
614 414
206 49
528 233
875 706
287 848
401 929
920 863
589 825
690 597
488 837
71 742
806 851
897 85
148 89
245 887
120 979
216 847
327 581
272 725
938 506
794 582
727 164
401 604
437 438
310 940
518 129
419 868
835 172
798 800
583 570
285 147
756 938
282 651
655 206
877 938
808 719
990 731
717 769
421 196
403 329
118 310
933 898
543 901
123 492
87 521
626 509
493 818
187 907
21 875
423 523
687 846
882 674
518 604
316 220
504 612
47 92
378 901
771 368
535 763
250 187
92 554
364 199
917 951
365 538
120 675
385 915
176 597
528 190
236 1000
308 910
758 18
580 678
597 768
232 972
691 199
368 17
793 667
886 358
418 970
395 147
676 224
56 441
326 937
206 371
443 143
542 649
272 373
576 291
82 84
926 763
125 466
509 115
888 100
470 613
286 229
223 776
571 105
44 47
135 384
91 460
128 114
646 788
464 186
101 59
803 315
412 301
698 463
60 996
96 405
43 254
617 21
640 76
916 489
185 97
137 632
907 678
696 851
768 160
166 285
739 919
78 519
526 539
303 422
622 64
744 78
639 775
553 616
735 368
937 457
496 183
80 310
129 971
762 702
744 989
781 304
821 839
200 879
240 172
131 303
23 261
891 911
507 902
456 916
165 116
265 550
231 503
857 956
655 369
969 730
644 998
390 810
942 263
28 323
819 120
748 50
197 308
644 885
316 454
27 925
213 954
695 999
224 365
408 612
120 814
796 975
432 346
434 19
473 726
5 863
676 4
288 845
644 570
957 557
483 966
196 417
948 976
755 690
662 194
519 719
391 88
395 413
604 469
417 421
606 639
755 803
479 675
524 182
229 392
301 875
586 971
237 621
897 108
435 989
262 94
889 538
214 423
272 782
328 806
814 586
394 177
696 529
168 37
66 281
546 47
803 676
643 923
660 27
118 713
156 266
160 845
124 118
894 630
42 417
708 201
138 924
777 778
360 837
129 759
807 232
830 425
427 502
180 166
701 709
242 427
818 608
696 60
536 549
22 624
459 950
578 160
652 671
286 933
910 227
52 783
40 847
991 412
429 248
426 984
377 402
105 899
677 141
454 126
869 833
752 643
288 540
934 903
240 185
5 913
391 504
280 627
40 508
295 796
810 512
371 458
575 768
62 685
343 624
774 714
885 253
300 837
429 103
318 743
20 592
135 149
637 733
589 602
862 598
648 134
560 928
926 307
940 737
267 114
215 280
551 738
932 352
63 964
215 137
381 225
347 49
555 628
389 316
15 662
676 764
208 911
972 667
480 525
862 737
455 821
275 739
82 872
973 290
630 970
868 811
996 224
637 242
201 157
713 706
768 202
650 245
855 172
622 22
130 881
742 550
467 752
393 245
170 843
911 31
56 25
122 806
167 591
967 212
882 812
576 719
333 996
786 347
388 18
577 171
915 495
504 585
308 488
503 389
567 673
566 796
888 542
649 960
395 904
877 410
182 624
899 8
629 265
188 193
705 297
634 113
630 562
13 426
767 447
457 32
240 688
884 761
601 647
408 604
481 186
173 858
266 518
35 223
221 184
918 6
480 126
746 777
598 766
983 612
453 325
805 944
936 801
595 100
68 172
73 370
456 70
662 138
520 655
560 844
341 931
727 464
250 826
785 733
401 928
555 707
202 953
242 762
25 864
443 433
851 300
500 646
474 162
180 516
917 153
465 170
485 167
547 948
821 317
659 590
458 821
630 935
940 157
190 324
618 259
871 631
695 389
49 933
149 481
56 588
512 43
364 606
381 600
661 390
440 118
350 537
65 927
997 318
929 54
824 220
471 587
597 489
75 499
94 429
725 277
381 811
627 559
298 289
247 838
125 222
643 316
809 964
464 871
836 86
305 677
554 784
370 901
813 517
923 205
982 616
325 187
294 622
443 928
213 534
269 804
110 946
842 122
827 774
221 107
595 290
649 734
524 990
942 53
487 187
231 918
88 416
382 6
992 822
48 431
958 961
439 250
529 607
10 939
944 312
463 215
179 801
880 618
223 804
779 470
249 557
729 891
141 733
236 861
607 225
154 536
103 527
183 407
756 459
991 180
389 372
907 507
781 233
33 458
977 102
147 318
935 297
573 924
669 349
941 728
603 473
622 359
474 31
757 255
81 471
302 777
581 514
398 284
460 109
962 235
947 581
20 389
852 718
601 970
820 108
165 273
556 614
498 538
394 673
970 384
950 874
248 680
302 453
565 321
144 931
587 393
81 314
776 40
740 761
62 453
321 861
251 412
969 729
715 45
865 408
539 219
740 584
620 486
396 152
939 927
266 764
537 607
790 315
780 453
840 552
983 738
422 674
163 477
187 451
387 645
689 773
727 709
858 916
129 334
866 759
924 36
390 375
27 555
980 371
305 141
489 184
202 543
976 710
927 37
841 956
236 818
668 955
558 259
889 936
907 57
232 485
285 357
654 790
515 460
846 62
380 916
14 943
466 74
229 105
693 314
491 974
234 561
219 399
663 802
873 158
360 103
731 276
474 243
48 982
471 529
707 400
433 795
973 461
708 526
741 525
484 744
406 545
248 853
599 484
765 988
643 598
27 519
173 763
820 358
434 233
862 249
682 387
407 292
748 128
565 470
169 509
577 488
299 878
691 96
374 983
861 976
473 535
900 764
886 397
444 144
505 422
947 315
89 551
145 277
700 65
277 496
864 346
62 829
793 963
528 112
656 69
875 843
775 836
873 318
68 216
965 342
859 767
292 512
409 740
581 902
413 820
396 550
826 95
267 184
63 852
67 401
436 890
519 208
265 719
409 518
587 823
452 492
897 361
419 765
719 558
817 530
727 115
752 837
548 646
832 371
632 495
48 672
323 486
620 266
366 328
591 657
26 783
668 498
467 755
566 465
644 379
882 986
366 315
375 443
260 822
471 900
459 964
835 609
311 704
430 310
360 686
397 23
273 9
312 593
170 659
409 505
71 337
454 91
302 223
729 305
748 123
841 431
227 572
283 766
231 28
328 453
9 568
645 421
667 148
982 815
876 358
932 80
76 946
148 551
993 70
499 269
82 223
65 315
2 956
911 571
10 403
338 4
894 17
272 410
182 189
496 888
528 235
434 976
559 816
354 897
462 460
927 765
823 813
883 126
557 129
48 415
829 555
656 734
290 436
204 274
501 880
872 380
821 75
458 645
43 946
461 415
995 264
564 368
929 53
413 348
398 533
332 396
812 646
136 255
964 601
274 21
763 65
856 733
431 409
776 485
808 108
22 590
574 107
904 115
248 653
193 28
48 825
452 729
250 872
691 936
97 632
316 745
434 177
473 941
899 841
543 804
669 591
193 318
503 537
435 361
753 806
37 229
115 765
611 192
499 602
870 639
375 142
966 34
418 524
400 15
773 578
754 859
629 413
331 758
940 536
813 294
88 60
712 583
675 349
412 877
388 208
770 123
129 353
112 487
340 374
580 570
358 28
767 176
132 983
166 919
906 762
135 220
236 711
822 318
935 877
46 671
901 933
602 810
90 1000
424 575
257 487
921 231
253 509
203 648
845 217
771 650
121 859
341 522
22 360
649 46
47 903
103 748
475 845
518 99
155 587
397 522
94 620
591 728
854 442
947 580
674 788
472 868
398 396
290 557
286 308
333 585
796 359
636 102
890 420
930 509
143 504
570 596
331 104
739 887
543 948
947 866
368 499
41 403
919 472
526 170
855 554
109 836
327 141
455 344
408 985
703 502
730 432
531 321
843 243
956 818
667 385
82 73
66 520
400 220
607 251
83 311
780 375
709 663
589 961
861 892
572 241
585 38
118 847
581 365
675 744
32 614
847 430
10 585
796 632
528 136
69 42
913 700
842 234
41 521
281 58
232 712
728 717
591 90
166 947
375 735
177 458
231 667
841 931
577 922
7 10
279 737
854 939
972 273
431 846
656 376
548 318
576 618
72 57
239 237
560 228
499 144
559 926
522 506
730 540
12 627
729 967
309 415
632 246
10 28
708 75
157 219
948 405
328 695
169 757
367 254
522 179
11 115
121 992
910 570
752 858
380 123
475 681
222 126
990 631
531 242
518 478
837 796
87 493
768 317
259 674
939 196
790 525
431 480
34 586
454 963
85 824
981 946
336 29
892 339
400 395
364 980
882 665
323 111
792 593
192 877
748 882
810 349
80 562
647 834
445 486
231 277
952 902
709 762
784 719
13 51
89 693
734 71
19 670
294 548
871 346
875 159
516 301
611 873
128 577
735 712
696 455
386 137
723 144
797 873
101 556
410 259
587 740
233 380
213 702
896 582
70 345
418 790
516 579
700 160
978 446
818 279
803 185
567 176
36 296
976 829
813 16
742 446
712 893
486 376
894 69
107 629
202 899
957 785
876 91
250 919
569 287
826 92
538 840
245 912
893 4
162 100
346 249
831 156
793 318
154 704
216 741
492 562
256 144
129 902
479 820
629 675
552 834
369 394
638 878
800 716
88 590
802 278
825 111
844 189
60 652
481 929
561 613
484 828
294 53
740 461
759 419
446 368
200 858
772 448
576 705
920 627
852 630
725 480
568 37
75 55
352 912
568 404
293 197
630 342
889 344
853 509
239 786
723 993
118 917
299 845
13 87
252 875
2 232
16 468
933 279
274 916
560 657
580 732
322 904
988 676
884 874
562 210
620 860
125 346
269 736
606 795
352 58
524 26
924 816
585 28
345 807
269 625
560 846
867 858
48 178
717 280
840 254
841 891
614 397
236 891
276 418
189 991
529 726
767 578
257 267
422 591
800 803
243 222
9 442
413 136
750 659
290 437
57 422
534 656
647 403
284 667
780 560
696 715
854 683
384 801
522 75
959 18
817 573
406 797
480 777
835 145
892 70
485 488
547 613
52 141
887 813
615 659
156 227
907 925
420 568
22 732
385 939
117 594
820 57
307 230
313 569
385 964
316 872
901 182
956 542
256 855
829 422
544 58
846 286
71 167
956 815
824 24
867 220
509 66
800 259
620 508
108 168
291 920
218 664
3 44
960 473
856 26
899 102
459 975
166 603
135 936
106 808
69 164
850 411
622 504
279 658
987 734
570 356
23 900
562 246
749 868
932 452
366 632
271 559
283 144
82 482
29 745
470 901
436 541
953 429
440 728
580 244
46 552
839 425
654 939
328 781
366 197
872 714
690 967
341 719
627 32
539 962
743 708
752 831
803 653
91 239
272 835
263 254
266 289
915 180
953 105
377 959
203 215
687 521
903 825
513 514
806 137
437 730
574 949
639 657
216 281
517 91
424 294
334 809
411 32
412 287
589 335
132 517
627 954
421 455
973 666
615 526
832 321
640 856
912 489
667 49
616 583
410 10
49 762
781 9
88 352
434 948
72 480
421 650
64 409
616 726
193 571
737 934
330 372
205 584
153 213
135 797
192 381
410 300
103 105
361 346
732 895
609 236
573 393
187 50
48 420
561 321
600 281
79 369
542 635
301 215
396 685
708 149
997 815
341 715
638 83
557 258
694 193
516 797
232 374
638 930
179 815
285 389
252 216
459 414
428 403
357 307
309 176
800 574
846 841
830 370
243 436
669 208
119 281
467 872
754 24
390 907
857 289
695 749
57 809
320 437
998 870
412 93
285 969
269 452
161 731
899 597
277 969
901 143
634 400
440 445
514 804
99 128
618 643
378 73
765 843
804 557
821 969
255 269
754 476
779 793
895 893
164 339
383 169
937 85
633 838
279 98
448 166
783 562
2 261
629 306
188 56
465 997
541 764
231 250
434 856
309 796
74 179
679 850
496 737
521 290
706 940
893 635
334 313
554 372
516 445
150 215
213 729
173 206
980 290
571 327
663 303
496 590
18 259
796 716
926 679
175 753
289 546
70 489
665 191
135 39
279 423
487 528
887 946
505 742
81 849
941 491
736 569
231 527
475 121
276 126
519 466
298 722
405 862
707 818
391 863
324 258
641 64
423 78
561 809
180 321
452 494
888 394
937 842
204 383
100 440
691 887
577 989
790 17
972 884
864 597
434 681
560 382
674 234
696 782
588 292
644 470
647 733
463 752
890 588
319 892
378 280
415 893
531 956
713 801
218 321
346 826
185 376
705 881
282 546
13 914
387 613
684 704
302 400
393 468
991 144
678 31
330 889
539 359
888 835
192 842
263 864
22 898
297 129
169 479
748 117
535 433
478 482
999 132
639 237
785 150
936 6
828 44
576 61
406 254
598 642
747 68
729 465
32 687
698 512
680 11
185 691
611 533
25 474
814 90
555 806
798 464
944 287
12 327
969 188
845 977
567 819
59 932
225 412
928 995
232 400
585 492
306 759
381 17
614 97
703 566
927 140
788 454
292 693
632 192
881 615
441 70
333 496
142 750
306 936
627 500
95 586
167 105
175 965
962 275
835 3
251 984
716 262
298 539
259 620
498 866
730 9
846 675
133 220
8 962
731 737
436 259
977 711
528 833
53 518
346 560
437 999
106 740
394 831
476 534
747 579
288 488
572 376
221 326
168 110
813 514
66 597
203 18
808 158
701 973
465 557
537 129
487 404
100 740
917 661
974 606
520 993
480 174
44 487
395 151
141 359
456 391
500 463
942 171
396 229
784 69
861 425
206 230
466 179
949 518
858 335
962 691
564 867
845 838
404 124
43 468
336 346
638 903
140 534
471 36
493 428
793 324
431 906
158 667
665 741
99 602
375 825
